1.282357, -2.574537, -1.292180, 0.000000 
1.257451, -2.548421, -1.290970, 0.100000 
1.222185, -2.511578, -1.289393, 0.200000 
1.183535, -2.471370, -1.287834, 0.300000 
1.148048, -2.434591, -1.286543, 0.400000 
1.120772, -2.406402, -1.285630, 0.500000 
1.104998, -2.390124, -1.285126, 0.600000 
1.102408, -2.387438, -1.285030, 0.700000 
1.113263, -2.398606, -1.285343, 0.800000 
1.136440, -2.422510, -1.286070, 0.900000 
1.169289, -2.456491, -1.287202, 1.000000 
1.207436, -2.496104, -1.288668, 1.100000 
1.244833, -2.535112, -1.290279, 1.200000 
1.274484, -2.566181, -1.291697, 1.300000 
1.290052, -2.582564, -1.292511, 1.400000 
1.287919, -2.580362, -1.292442, 1.500000 
1.268590, -2.560113, -1.291523, 1.600000 
1.236487, -2.526561, -1.290074, 1.700000 
1.198287, -2.486784, -1.288497, 1.800000 
1.160881, -2.447978, -1.287097, 1.900000 
1.129961, -2.415994, -1.286033, 2.000000 
1.109490, -2.394850, -1.285359, 2.100000 
1.101742, -2.386827, -1.285086, 2.200000 
1.107505, -2.392717, -1.285212, 2.300000 
1.126196, -2.411942, -1.285746, 2.400000 
1.155772, -2.442464, -1.286691, 2.500000 
1.192532, -2.480545, -1.288013, 2.600000 
1.231032, -2.520610, -1.289578, 2.700000 
1.264497, -2.555605, -1.291108, 2.800000 
1.286099, -2.578303, -1.292204, 2.900000 
1.290946, -2.583454, -1.292509, 3.000000 
1.277881, -2.569802, -1.291921, 3.100000 
1.249958, -2.540622, -1.290664, 3.200000 
1.213237, -2.502365, -1.289128, 3.300000 
1.174745, -2.462408, -1.287663, 3.400000 
1.140746, -2.427225, -1.286479, 3.500000 
1.115888, -2.401550, -1.285661, 3.600000 
1.103074, -2.388304, -1.285230, 3.700000 
1.103641, -2.388828, -1.285187, 3.800000 
1.117531, -2.403070, -1.285538, 3.900000 
1.143285, -2.429578, -1.286293, 4.000000 
1.177862, -2.465303, -1.287441, 4.100000 
1.216470, -2.505370, -1.288899, 4.200000 
1.252744, -2.543198, -1.290454, 4.300000 
1.279661, -2.571408, -1.291747, 4.400000 
1.291329, -2.583713, -1.292384, 4.500000 
1.285004, -2.577151, -1.292147, 4.600000 
1.262181, -2.553318, -1.291137, 4.700000 
1.227989, -2.517691, -1.289702, 4.800000 
1.189331, -2.477552, -1.288221, 4.900000 
1.152920, -2.439874, -1.286954, 5.000000 
1.124078, -2.410100, -1.286022, 5.100000 
1.106367, -2.391829, -1.285463, 5.200000 
1.101703, -2.386979, -1.285277, 5.300000 
1.110558, -2.396025, -1.285467, 5.400000 
1.132028, -2.418072, -1.286044, 5.500000 
1.163707, -2.450717, -1.287010, 5.600000 
1.201484, -2.489805, -1.288320, 5.700000 
1.239534, -2.529358, -1.289824, 5.800000 
1.270909, -2.562131, -1.291222, 5.900000 
1.289024, -2.581142, -1.292118, 6.000000 
1.289709, -2.581917, -1.292208, 6.100000 
1.272795, -2.564264, -1.291469, 6.200000 
1.242188, -2.532364, -1.290176, 6.300000 
1.204366, -2.493080, -1.288714, 6.400000 
1.166315, -2.453707, -1.287391, 6.500000 
1.133986, -2.420358, -1.286372, 6.600000 
1.111629, -2.397340, -1.285711, 6.700000 
1.101776, -2.387189, -1.285413, 6.800000 
1.105440, -2.390915, -1.285476, 6.900000 
1.122252, -2.408156, -1.285904, 7.000000 
1.150410, -2.437115, -1.286705, 7.100000 
1.186478, -2.474339, -1.287860, 7.200000 
1.225258, -2.514528, -1.289270, 7.300000 
1.260103, -2.550800, -1.290697, 7.400000 
1.284050, -2.575828, -1.291777, 7.500000 
1.291747, -2.583901, -1.292154, 7.600000 
1.281371, -2.573062, -1.291691, 7.700000 
1.255362, -2.545928, -1.290566, 7.800000 
1.219452, -2.508600, -1.289148, 7.900000 
1.180662, -2.468449, -1.287787, 8.000000 
1.145475, -2.432167, -1.286693, 8.100000 
1.118830, -2.404779, -1.285949, 8.200000 
1.103908, -2.389476, -1.285567, 8.300000 
1.102291, -2.387827, -1.285536, 8.400000 
1.114143, -2.399996, -1.285853, 8.500000 
1.138235, -2.424757, -1.286522, 8.600000 
1.171790, -2.459326, -1.287536, 8.700000 
1.210287, -2.499120, -1.288833, 8.800000 
1.247549, -2.537786, -1.290237, 8.900000 
1.276533, -2.567962, -1.291429, 9.000000 
1.291001, -2.583038, -1.292037, 9.100000 
1.287581, -2.579411, -1.291830, 9.200000 
1.267088, -2.557967, -1.290879, 9.300000 
1.234189, -2.523701, -1.289513, 9.400000 
1.195661, -2.483770, -1.288109, 9.500000 
1.158368, -2.445302, -1.286934, 9.600000 
1.127912, -2.414018, -1.286106, 9.700000 
1.108148, -2.393797, -1.285650, 9.800000 
1.101252, -2.386803, -1.285551, 9.900000 
1.107930, -2.393724, -1.285794, 10.000000 
1.127506, -2.413881, -1.286376, 10.100000 
1.157831, -2.445121, -1.287290, 10.200000 
1.195075, -2.483571, -1.288497, 10.300000 
1.233652, -2.523519, -1.289867, 10.400000 
1.266700, -2.557837, -1.291136, 10.500000 
1.287417, -2.579357, -1.291941, 10.600000 
1.291090, -2.583070, -1.291980, 10.700000 
1.276854, -2.568070, -1.291217, 10.800000 
1.248035, -2.537946, -1.289911, 10.900000 
1.210846, -2.499303, -1.288457, 11.000000 
1.172328, -2.459502, -1.287174, 11.100000 
1.138667, -2.424901, -1.286233, 11.200000 
1.114407, -2.400090, -1.285683, 11.300000 
1.102351, -2.387860, -1.285509, 11.400000 
1.103754, -2.389442, -1.285688, 11.500000 
1.118479, -2.404682, -1.286203, 11.600000 
1.144975, -2.432019, -1.287044, 11.700000 
1.180088, -2.468269, -1.288181, 11.800000 
1.218899, -2.508419, -1.289520, 11.900000 
1.254934, -2.545780, -1.290846, 12.000000 
1.281155, -2.572977, -1.291822, 12.100000 
1.291792, -2.583896, -1.292104, 12.200000 
1.284352, -2.575901, -1.291549, 12.300000 
1.260603, -2.550933, -1.290330, 12.400000 
1.225863, -2.514694, -1.288831, 12.500000 
1.187084, -2.474508, -1.287424, 12.600000 
1.150921, -2.437264, -1.286343, 12.700000 
1.122593, -2.408265, -1.285672, 12.800000 
1.105561, -2.390972, -1.285411, 12.900000 
1.101658, -2.387186, -1.285528, 13.000000 
1.111283, -2.397277, -1.285994, 13.100000 
1.133450, -2.420241, -1.286790, 13.200000 
1.165660, -2.453549, -1.287889, 13.300000 
1.203688, -2.492905, -1.289217, 13.400000 
1.241603, -2.532203, -1.290600, 13.500000 
1.272415, -2.564151, -1.291736, 13.600000 
1.289616, -2.581877, -1.292261, 13.700000 
1.289244, -2.581184, -1.291941, 13.800000 
1.271401, -2.562242, -1.290841, 13.900000 
1.240207, -2.529513, -1.289306, 14.000000 
1.202221, -2.489973, -1.287752, 14.100000 
1.164389, -2.450872, -1.286482, 14.200000 
1.132556, -2.418193, -1.285637, 14.300000 
1.110859, -2.396099, -1.285240, 14.400000 
1.101735, -2.386998, -1.285264, 14.500000 
1.106122, -2.391791, -1.285669, 14.600000 
1.123582, -2.410009, -1.286427, 14.700000 
1.152233, -2.439738, -1.287505, 14.800000 
1.188546, -2.477389, -1.288843, 14.900000 
1.227229, -2.517528, -1.290298, 15.000000 
1.261580, -2.553184, -1.291605, 15.100000 
1.284680, -2.577077, -1.292397, 15.200000 
1.291351, -2.583714, -1.292363, 15.300000 
1.280029, -2.571482, -1.291453, 15.400000 
1.253389, -2.543324, -1.289935, 15.500000 
1.217278, -2.505523, -1.288245, 15.600000 
1.178699, -2.465456, -1.286757, 15.700000 
1.144028, -2.429713, -1.285685, 15.800000 
1.118076, -2.403170, -1.285094, 15.900000 
1.103913, -2.388884, -1.284971, 16.000000 
1.103032, -2.388308, -1.285276, 16.100000 
1.115526, -2.401497, -1.285971, 16.200000 
1.140097, -2.427117, -1.287021, 16.300000 
1.173887, -2.462256, -1.288369, 16.400000 
1.212292, -2.502191, -1.289899, 16.500000 
1.249079, -2.540458, -1.291379, 16.600000 
1.277227, -2.569683, -1.292456, 16.700000 
1.290645, -2.583407, -1.292762, 16.800000 
1.286212, -2.578337, -1.292125, 16.900000 
1.264999, -2.555707, -1.290708, 17.000000 
1.231828, -2.520754, -1.288926, 17.100000 
1.193485, -2.480702, -1.287217, 17.200000 
1.156733, -2.442609, -1.285877, 17.300000 
1.127031, -2.412061, -1.285030, 17.400000 
1.108103, -2.392798, -1.284695, 17.500000 
1.102022, -2.386862, -1.284840, 17.600000 
1.109410, -2.394834, -1.285424, 17.700000 
1.129518, -2.415927, -1.286409, 17.800000 
1.160120, -2.447864, -1.287744, 17.900000 
1.197305, -2.486637, -1.289332, 18.000000 
1.235426, -2.526402, -1.290976, 18.100000 
1.267628, -2.559973, -1.292345, 18.200000 
1.287232, -2.580272, -1.293040, 18.300000 
1.289771, -2.582546, -1.292775, 18.400000 
1.274660, -2.566238, -1.291578, 18.500000 
1.245429, -2.535229, -1.289800, 18.600000 
1.208338, -2.496253, -1.287914, 18.700000 
1.170344, -2.456642, -1.286298, 18.800000 
1.137483, -2.422638, -1.285156, 18.900000 
1.114146, -2.398695, -1.284550, 19.000000 
1.103011, -2.387480, -1.284469, 19.100000 
1.105235, -2.390114, -1.284879, 19.200000 
1.120600, -2.406342, -1.285742, 19.300000 
1.147473, -2.434486, -1.287014, 19.400000 
1.182618, -2.471232, -1.288614, 19.500000 
1.221046, -2.511427, -1.290380, 19.600000 
1.256266, -2.548282, -1.292015, 19.700000 
1.281328, -2.574439, -1.293111, 19.800000 
1.290684, -2.583975, -1.293291, 19.900000 
1.282144, -2.574580, -1.292436, 20.000000 
1.257743, -2.548528, -1.290785, 20.100000 
1.222918, -2.511723, -1.288805, 20.200000 
1.184580, -2.471522, -1.286943, 20.300000 
1.149236, -2.434724, -1.285488, 20.400000 
1.121931, -2.406497, -1.284566, 20.500000 
1.105970, -2.390170, -1.284200, 20.600000 
1.103062, -2.387432, -1.284370, 20.700000 
1.113503, -2.398549, -1.285047, 20.800000 
1.136218, -2.422411, -1.286193, 20.900000 
1.168615, -2.456362, -1.287747, 21.000000 
1.206385, -2.495964, -1.289579, 21.100000 
1.243551, -2.534987, -1.291436, 21.200000 
1.273172, -2.566095, -1.292923, 21.300000 
1.288932, -2.582535, -1.293603, 21.400000 
1.287185, -2.580396, -1.293212, 21.500000 
1.268362, -2.560203, -1.291841, 21.600000 
1.236792, -2.526686, -1.289894, 21.700000 
1.199058, -2.486920, -1.287862, 21.800000 
1.161986, -2.448101, -1.286116, 21.900000 
1.131231, -2.416088, -1.284857, 22.000000 
1.110746, -2.394902, -1.284156, 22.100000 
1.102814, -2.386833, -1.284020, 22.200000 
1.108246, -2.392677, -1.284430, 22.300000 
1.126496, -2.411860, -1.285364, 22.400000 
1.155572, -2.442352, -1.286780, 22.500000 
1.191841, -2.480423, -1.288582, 22.600000 
1.229932, -2.520499, -1.290567, 22.700000 
1.263148, -2.555527, -1.292378, 22.800000 
1.284719, -2.578274, -1.293555, 22.900000 
1.289769, -2.583481, -1.293711, 23.000000 
1.277108, -2.569877, -1.292770, 23.100000 
1.249708, -2.540729, -1.291020, 23.200000 
1.213534, -2.502482, -1.288947, 23.300000 
1.175523, -2.462513, -1.286991, 23.400000 
1.141874, -2.427303, -1.285429, 23.500000 
1.117198, -2.401590, -1.284392, 23.600000 
1.104384, -2.388303, -1.283919, 23.700000 
1.104773, -2.388786, -1.284013, 23.800000 
1.118327, -2.402994, -1.284666, 23.900000 
1.143621, -2.429479, -1.285858, 24.000000 
1.177666, -2.465195, -1.287528, 24.100000 
1.215746, -2.505272, -1.289526, 24.200000 
1.251577, -2.543129, -1.291552, 24.300000 
1.278225, -2.571383, -1.293159, 24.400000 
1.289858, -2.583738, -1.293880, 24.500000 
1.283746, -2.577220, -1.293473, 24.600000 
1.261342, -2.553415, -1.292073, 24.700000 
1.227693, -2.517796, -1.290103, 24.800000 
1.189605, -2.477647, -1.288042, 24.900000 
1.153705, -2.439945, -1.286240, 25.000000 
1.125248, -2.410139, -1.284891, 25.100000 
1.107756, -2.391833, -1.284077, 25.200000 
1.103124, -2.386949, -1.283825, 25.300000 
1.111818, -2.395965, -1.284147, 25.400000 
1.132947, -2.417988, -1.285041, 25.500000 
1.164136, -2.450619, -1.286483, 25.600000 
1.201334, -2.489707, -1.288373, 25.700000 
1.238796, -2.529277, -1.290481, 25.800000 
1.269677, -2.562084, -1.292407, 25.900000 
1.287487, -2.581141, -1.293653, 26.000000 
1.288121, -2.581960, -1.293839, 26.100000 
1.271422, -2.564344, -1.292922, 26.200000 
1.241248, -2.532462, -1.291214, 26.300000 
1.203993, -2.493180, -1.289187, 26.400000 
1.166547, -2.453795, -1.287248, 26.500000 
1.134771, -2.420424, -1.285653, 26.600000 
1.112846, -2.397377, -1.284531, 26.700000 
1.103253, -2.387191, -1.283938, 26.800000 
1.106975, -2.390880, -1.283905, 26.900000 
1.123630, -2.408082, -1.284453, 27.000000 
1.151424, -2.437008, -1.285583, 27.100000 
1.186960, -2.474210, -1.287250, 27.200000 
1.225107, -2.514400, -1.289292, 27.300000 
1.259313, -2.550698, -1.291384, 27.400000 
1.282729, -2.575775, -1.293045, 27.500000 
1.290106, -2.583910, -1.293805, 27.600000 
1.279681, -2.573128, -1.293447, 27.700000 
1.253899, -2.546033, -1.292134, 27.800000 
1.218438, -2.508720, -1.290282, 27.900000 
1.180236, -2.468563, -1.288326, 28.000000 
1.145681, -2.432260, -1.286579, 28.100000 
1.119624, -2.404840, -1.285217, 28.200000 
1.105173, -2.389498, -1.284325, 28.300000 
1.103856, -2.387808, -1.283952, 28.400000 
1.115797, -2.399934, -1.284136, 28.500000 
1.139750, -2.424656, -1.284906, 28.600000 
1.172938, -2.459197, -1.286258, 28.700000 
1.210876, -2.498979, -1.288103, 28.800000 
1.247459, -2.537656, -1.290197, 28.900000 
1.275751, -2.567872, -1.292121, 29.000000 
1.289640, -2.583009, -1.293369, 29.100000 
1.285866, -2.579452, -1.293585, 29.200000 
1.265305, -2.558068, -1.292763, 29.300000 
1.232621, -2.523837, -1.291217, 29.400000 
1.194535, -2.483912, -1.289376, 29.500000 
1.157830, -2.445424, -1.287594, 29.600000 
1.128017, -2.414103, -1.286087, 29.700000 
1.108866, -2.393837, -1.284971, 29.800000 
1.102482, -2.386794, -1.284312, 29.900000 
1.109506, -2.393666, -1.284160, 30.000000 
1.129218, -2.413780, -1.284562, 30.100000 
1.159439, -2.444986, -1.285547, 30.200000 
1.196333, -2.483419, -1.287086, 30.300000 
1.234349, -2.523374, -1.289025, 30.400000 
1.266701, -2.557728, -1.291027, 30.500000 
1.286703, -2.579313, -1.292610, 30.600000 
1.289777, -2.583107, -1.293329, 30.700000 
1.275166, -2.568182, -1.293016, 30.800000 
1.246252, -2.538107, -1.291856, 30.900000 
1.209246, -2.499477, -1.290231, 31.000000 
1.171139, -2.459655, -1.288516, 31.100000 
1.138046, -2.425010, -1.286964, 31.200000 
1.114425, -2.400142, -1.285717, 31.300000 
1.102998, -2.387852, -1.284854, 31.400000 
1.104945, -2.389376, -1.284431, 31.500000 
1.120061, -2.404567, -1.284506, 31.600000 
1.146736, -2.431867, -1.285131, 31.700000 
1.181778, -2.468100, -1.286322, 31.800000 
1.220256, -2.508258, -1.288002, 31.900000 
1.255728, -2.545658, -1.289930, 32.000000 
1.281234, -2.572920, -1.291687, 32.100000 
1.291125, -2.583921, -1.292797, 32.200000 
1.283043, -2.576004, -1.292961, 32.300000 
1.258873, -2.551091, -1.292218, 32.400000 
1.223994, -2.514873, -1.290879, 32.500000 
1.185363, -2.474675, -1.289312, 32.600000 
1.149592, -2.437393, -1.287800, 32.700000 
1.121832, -2.408340, -1.286507, 32.800000 
1.105463, -2.390986, -1.285523, 32.900000 
1.102235, -2.387140, -1.284906, 33.000000 
1.112463, -2.397178, -1.284715, 33.100000 
1.135087, -2.420100, -1.285012, 33.200000 
1.167538, -2.453383, -1.285846, 33.300000 
1.205540, -2.492738, -1.287199, 33.400000 
1.243140, -2.532064, -1.288923, 33.500000 
1.273377, -2.564066, -1.290689, 33.600000 
1.289826, -2.581866, -1.292041, 33.700000 
1.288656, -2.581253, -1.292596, 33.800000 
1.270118, -2.562375, -1.292257, 33.900000 
1.238448, -2.529682, -1.291235, 34.000000 
1.200271, -2.490145, -1.289874, 34.100000 
1.162543, -2.451017, -1.288474, 34.200000 
1.131070, -2.418291, -1.287220, 34.300000 
1.109930, -2.396139, -1.286208, 34.400000 
1.101483, -2.386978, -1.285495, 34.500000 
1.106585, -2.391717, -1.285132, 34.600000 
1.124712, -2.409892, -1.285180, 34.700000 
1.153895, -2.439596, -1.285702, 34.800000 
1.190521, -2.477243, -1.286722, 34.900000 
1.229229, -2.517400, -1.288171, 35.000000 
1.263284, -2.553097, -1.289813, 35.100000 
1.285794, -2.577047, -1.291253, 35.200000 
1.291674, -2.583749, -1.292074, 35.300000 
1.279505, -2.571574, -1.292069, 35.400000 
1.252118, -2.543457, -1.291339, 35.500000 
1.215482, -2.505670, -1.290187, 35.600000 
1.176669, -2.465593, -1.288924, 35.700000 
1.142065, -2.429818, -1.287753, 35.800000 
1.116453, -2.403230, -1.286777, 35.900000 
1.102843, -2.388892, -1.286048, 36.000000 
1.102660, -2.388265, -1.285605, 36.100000 
1.115912, -2.401411, -1.285499, 36.200000 
1.141210, -2.426999, -1.285789, 36.300000 
1.175597, -2.462122, -1.286524, 36.400000 
1.214371, -2.502060, -1.287689, 36.500000 
1.251217, -2.540351, -1.289135, 36.600000 
1.279078, -2.569621, -1.290543, 36.700000 
1.291891, -2.583403, -1.291512, 36.800000 
1.286638, -2.578392, -1.291754, 36.900000 
1.264544, -2.555811, -1.291267, 37.000000 
1.230589, -2.520888, -1.290299, 37.100000 
1.191682, -2.480843, -1.289161, 37.200000 
1.154655, -2.442737, -1.288082, 37.300000 
1.124981, -2.412156, -1.287176, 37.400000 
1.106359, -2.392848, -1.286489, 37.500000 
1.100814, -2.386859, -1.286045, 37.600000 
1.108897, -2.394773, -1.285876, 37.700000 
1.129781, -2.415812, -1.286031, 37.800000 
1.161149, -2.447710, -1.286561, 37.900000 
1.198984, -2.486467, -1.287483, 38.000000 
1.237531, -2.526246, -1.288715, 38.100000 
1.269840, -2.559861, -1.290021, 38.200000 
1.289189, -2.580228, -1.291039, 38.300000 
1.291137, -2.582579, -1.291441, 38.400000 
1.275207, -2.566339, -1.291132, 38.500000 
1.245081, -2.535375, -1.290295, 38.600000 
1.207182, -2.496419, -1.289237, 38.700000 
1.168588, -2.456804, -1.288216, 38.800000 
1.135407, -2.422776, -1.287369, 38.900000 
1.112051, -2.398792, -1.286741, 39.000000 
1.101181, -2.387523, -1.286342, 39.100000 
1.103917, -2.390097, -1.286180, 39.200000 
1.119980, -2.406265, -1.286285, 39.300000 
1.147658, -2.434356, -1.286698, 39.400000 
1.183616, -2.471065, -1.287449, 39.500000 
1.222748, -2.511247, -1.288500, 39.600000 
1.258437, -2.548124, -1.289686, 39.700000 
1.283633, -2.574334, -1.290701, 39.800000 
1.292741, -2.583946, -1.291205, 39.900000 
1.283605, -2.574632, -1.291026, 40.000000 
1.258374, -2.548649, -1.290275, 40.100000 
1.222640, -2.511887, -1.289247, 40.200000 
1.183467, -2.471700, -1.288233, 40.300000 
1.147483, -2.434888, -1.287406, 40.400000 
1.119804, -2.406625, -1.286822, 40.500000 
1.103767, -2.390247, -1.286480, 40.600000 
1.101079, -2.387448, -1.286369, 40.700000 
1.112010, -2.398501, -1.286491, 40.800000 
1.135431, -2.422301, -1.286871, 40.900000 
1.168671, -2.456204, -1.287533, 41.000000 
1.207318, -2.495781, -1.288463, 41.100000 
1.245263, -2.534811, -1.289548, 41.200000 
1.275425, -2.565963, -1.290538, 41.300000 
1.291373, -2.582478, -1.291105, 41.400000 
1.289408, -2.580428, -1.291020, 41.500000 
1.269997, -2.560312, -1.290315, 41.600000 
1.237585, -2.526845, -1.289260, 41.700000 
1.198915, -2.487097, -1.288182, 41.800000 
1.160964, -2.448266, -1.287301, 41.900000 
1.129512, -2.416218, -1.286706, 42.000000 
1.108589, -2.394984, -1.286395, 42.100000 
1.100519, -2.386858, -1.286340, 42.200000 
1.106122, -2.392642, -1.286520, 42.300000 
1.124834, -2.411768, -1.286933, 42.400000 
1.154619, -2.442211, -1.287592, 42.500000 
1.191767, -2.480253, -1.288487, 42.600000 
1.230792, -2.520329, -1.289537, 42.700000 
1.264852, -2.555391, -1.290539, 42.800000 
1.287019, -2.578206, -1.291187, 42.900000 
1.292290, -2.583497, -1.291207, 43.000000 
1.279422, -2.569973, -1.290550, 43.100000 
1.251434, -2.540879, -1.289445, 43.200000 
1.214413, -2.502654, -1.288241, 43.300000 
1.175456, -2.462679, -1.287223, 43.400000 
1.140911, -2.427440, -1.286529, 43.500000 
1.115508, -2.401684, -1.286176, 43.600000 
1.102213, -2.388344, -1.286131, 43.700000 
1.102419, -2.388771, -1.286352, 43.800000 
1.116107, -2.402922, -1.286815, 43.900000 
1.141845, -2.429357, -1.287511, 44.000000 
1.176608, -2.465036, -1.288428, 44.100000 
1.215601, -2.505100, -1.289499, 44.200000 
1.252417, -2.542977, -1.290560, 44.300000 
1.279959, -2.571286, -1.291327, 44.400000 
1.292223, -2.583720, -1.291498, 44.500000 
1.286346, -2.577285, -1.290939, 44.600000 
1.263739, -2.553547, -1.289808, 44.700000 
1.229501, -2.517964, -1.288463, 44.800000 
1.190565, -2.477817, -1.287252, 44.900000 
1.153710, -2.440091, -1.286381, 45.000000 
1.124335, -2.410244, -1.285909, 45.100000 
1.106078, -2.391888, -1.285809, 45.200000 
1.100920, -2.386951, -1.286031, 45.300000 
1.109387, -2.395916, -1.286530, 45.400000 
1.130618, -2.417895, -1.287278, 45.500000 
1.162244, -2.450494, -1.288250, 45.600000 
1.200178, -2.489567, -1.289389, 45.700000 
1.238590, -2.529143, -1.290553, 45.800000 
1.270494, -2.561979, -1.291485, 45.900000 
1.289223, -2.581087, -1.291864, 46.000000 
1.290497, -2.581971, -1.291475, 46.100000 
1.274034, -2.564416, -1.290382, 46.200000 
1.243662, -2.532578, -1.288916, 46.300000 
1.205835, -2.493315, -1.287480, 46.400000 
1.167563, -2.453924, -1.286361, 46.500000 
1.134849, -2.420529, -1.285680, 46.600000 
1.112007, -2.397445, -1.285438, 46.700000 
1.101630, -2.387217, -1.285587, 46.800000 
1.104792, -2.390863, -1.286070, 46.900000 
1.121183, -2.408027, -1.286845, 47.000000 
1.149050, -2.436923, -1.287873, 47.100000 
1.185009, -2.474107, -1.289098, 47.200000 
1.223896, -2.514293, -1.290397, 47.300000 
1.259071, -2.550606, -1.291535, 47.400000 
1.283532, -2.575716, -1.292184, 47.500000 
1.291842, -2.583900, -1.292057, 47.600000 
1.282061, -2.573169, -1.291108, 47.700000 
1.256517, -2.546118, -1.289601, 47.800000 
1.220867, -2.508830, -1.287963, 47.900000 
1.182113, -2.468677, -1.286564, 48.000000 
1.146755, -2.432361, -1.285606, 48.100000 
1.119775, -2.404915, -1.285140, 48.200000 
1.104404, -2.389537, -1.285133, 48.300000 
1.102278, -2.387808, -1.285530, 48.400000 
1.113619, -2.399894, -1.286276, 48.500000 
1.137257, -2.424582, -1.287325, 48.600000 
1.170477, -2.459097, -1.288620, 48.700000 
1.208818, -2.498871, -1.290053, 48.800000 
1.246147, -2.537559, -1.291412, 48.900000 
1.275431, -2.567806, -1.292375, 49.000000 
1.290391, -2.582989, -1.292598, 49.100000 
1.287569, -2.579483, -1.291915, 49.200000 
1.267661, -2.558144, -1.290483, 49.300000 
1.235230, -2.523943, -1.288713, 49.400000 
1.196984, -2.484028, -1.287043, 49.500000 
1.159767, -2.445534, -1.285767, 49.600000 
1.129188, -2.414191, -1.285003, 49.700000 
1.109137, -2.393892, -1.284755, 49.800000 
1.101833, -2.386809, -1.284976, 49.900000 
1.108026, -2.393639, -1.285613, 50.000000 
1.127096, -2.413712, -1.286615, 50.100000 
1.156956, -2.444883, -1.287927, 50.200000 
1.193840, -2.483294, -1.289454, 50.300000 
1.232232, -2.523247, -1.291015, 50.400000 
1.265318, -2.557620, -1.292302, 50.500000 
1.286311, -2.579248, -1.292937, 50.600000 
1.290457, -2.583099, -1.292643, 50.700000 
1.276795, -2.568235, -1.291439, 50.800000 
1.248539, -2.538209, -1.289670, 50.900000 
1.211803, -2.499608, -1.287805, 51.000000 
1.173566, -2.459792, -1.286226, 51.100000 
1.139995, -2.425131, -1.285136, 51.200000 
1.115639, -2.400228, -1.284589, 51.300000 
1.103328, -2.387892, -1.284564, 51.400000 
1.104351, -2.389364, -1.285013, 51.500000 
1.118614, -2.404504, -1.285890, 51.600000 
1.144617, -2.431759, -1.287142, 51.700000 
1.179270, -2.467962, -1.288692, 51.800000 
1.217725, -2.508112, -1.290386, 51.900000 
1.253579, -2.545531, -1.291951, 52.000000 
1.279840, -2.572840, -1.292999, 52.100000 
1.290740, -2.583905, -1.293165, 52.200000 
1.283734, -2.576056, -1.292322, 52.300000 
1.260503, -2.551198, -1.290695, 52.400000 
1.226267, -2.515010, -1.288744, 52.500000 
1.187899, -2.474817, -1.286918, 52.600000 
1.152010, -2.437517, -1.285507, 52.700000 
1.123795, -2.408429, -1.284634, 52.800000 
1.106718, -2.391030, -1.284312, 52.900000 
1.102622, -2.387134, -1.284513, 53.000000 
1.111927, -2.397121, -1.285194, 53.100000 
1.133683, -2.419997, -1.286315, 53.200000 
1.165436, -2.453248, -1.287813, 53.300000 
1.203025, -2.492591, -1.289566, 53.400000 
1.240591, -2.531932, -1.291342, 53.500000 
1.271211, -2.563980, -1.292770, 53.600000 
1.288419, -2.581849, -1.293430, 53.700000 
1.288252, -2.581309, -1.293056, 53.800000 
1.270765, -2.562489, -1.291724, 53.900000 
1.240001, -2.529826, -1.289826, 54.000000 
1.202444, -2.490290, -1.287845, 54.100000 
1.164983, -2.451140, -1.286157, 54.200000 
1.133421, -2.418377, -1.284956, 54.300000 
1.111871, -2.396179, -1.284308, 54.400000 
1.102760, -2.386968, -1.284207, 54.500000 
1.107029, -2.391656, -1.284627, 54.600000 
1.124250, -2.409785, -1.285535, 54.700000 
1.152565, -2.439454, -1.286889, 54.800000 
1.188485, -2.477084, -1.288599, 54.900000 
1.226774, -2.517252, -1.290479, 55.000000 
1.260793, -2.552993, -1.292200, 55.100000 
1.283688, -2.577015, -1.293327, 55.200000 
1.290317, -2.583800, -1.293483, 55.300000 
1.279117, -2.571696, -1.292579, 55.400000 
1.252731, -2.543619, -1.290888, 55.500000 
1.216953, -2.505838, -1.288885, 55.600000 
1.178731, -2.465737, -1.287006, 55.700000 
1.144393, -2.429919, -1.285526, 55.800000 
1.118714, -2.403279, -1.284565, 55.900000 
1.104735, -2.388886, -1.284151, 56.000000 
1.103932, -2.388208, -1.284276, 56.100000 
1.116390, -2.401310, -1.284920, 56.200000 
1.140810, -2.426867, -1.286057, 56.300000 
1.174346, -2.461975, -1.287629, 56.400000 
1.212420, -2.501920, -1.289499, 56.500000 
1.248845, -2.540241, -1.291396, 56.600000 
1.276661, -2.569565, -1.292904, 56.700000 
1.289837, -2.583416, -1.293579, 56.800000 
1.285295, -2.578475, -1.293180, 56.900000 
1.264118, -2.555945, -1.291827, 57.000000 
1.231111, -2.521044, -1.289933, 57.100000 
1.193024, -2.480992, -1.287967, 57.200000 
1.156578, -2.442854, -1.286276, 57.300000 
1.127190, -2.412230, -1.285040, 57.400000 
1.108545, -2.392873, -1.284328, 57.500000 
1.102685, -2.386835, -1.284150, 57.600000 
1.110206, -2.394709, -1.284502, 57.700000 
1.130343, -2.415716, -1.285373, 57.800000 
1.160861, -2.447593, -1.286732, 57.900000 
1.197853, -2.486343, -1.288489, 58.000000 
1.235698, -2.526133, -1.290434, 58.100000 
1.267577, -2.559780, -1.292203, 58.200000 
1.286866, -2.580198, -1.293332, 58.300000 
1.289150, -2.582609, -1.293459, 58.400000 
1.273884, -2.566423, -1.292539, 58.500000 
1.244616, -2.535494, -1.290878, 58.600000 
1.207607, -2.496546, -1.288939, 58.700000 
1.169793, -2.456917, -1.287124, 58.800000 
1.137182, -2.422858, -1.285676, 58.900000 
1.114129, -2.398835, -1.284706, 59.000000 
1.103275, -2.387525, -1.284249, 59.100000 
1.105746, -2.390060, -1.284314, 59.200000 
1.121289, -2.406192, -1.284903, 59.300000 
1.148249, -2.434254, -1.286005, 59.400000 
1.183375, -2.470946, -1.287571, 59.500000 
1.221674, -2.511128, -1.289454, 59.600000 
1.256669, -2.548024, -1.291355, 59.700000 
1.281442, -2.574275, -1.292833, 59.800000 
1.290493, -2.583942, -1.293449, 59.900000 
1.281680, -2.574686, -1.293006, 60.000000 
1.257081, -2.548749, -1.291668, 60.100000 
1.222159, -2.512012, -1.289853, 60.200000 
1.183830, -2.471826, -1.287996, 60.300000 
1.148597, -2.434995, -1.286398, 60.400000 
1.121483, -2.406698, -1.285216, 60.500000 
1.105766, -2.390278, -1.284512, 60.600000 
1.103125, -2.387434, -1.284309, 60.700000 
1.113826, -2.398443, -1.284617, 60.800000 
1.136762, -2.422205, -1.285443, 60.900000 
1.169311, -2.456079, -1.286768, 61.000000 
1.207141, -2.495642, -1.288501, 61.100000 
1.244263, -2.534678, -1.290415, 61.200000 
1.273738, -2.565862, -1.292123, 61.300000 
1.289271, -2.582431, -1.293160, 61.400000 
1.287247, -2.580447, -1.293200, 61.500000 
1.268141, -2.560398, -1.292256, 61.600000 
1.236323, -2.526981, -1.290658, 61.700000 
1.198410, -2.487256, -1.288846, 61.800000 
1.161250, -2.448420, -1.287170, 61.900000 
1.130505, -2.416341, -1.285836, 62.000000 
1.110122, -2.395057, -1.284935, 62.100000 
1.102368, -2.386870, -1.284502, 62.200000 
1.108035, -2.392591, -1.284556, 62.300000 
1.126550, -2.411661, -1.285112, 62.400000 
1.155890, -2.442063, -1.286173, 62.500000 
1.192391, -2.480083, -1.287692, 62.600000 
1.230650, -2.520163, -1.289513, 62.700000 
1.263940, -2.555259, -1.291319, 62.800000 
1.285471, -2.578133, -1.292662, 62.900000 
1.290365, -2.583498, -1.293133, 63.000000 
1.277449, -2.570048, -1.292599, 63.100000 
1.249739, -2.541011, -1.291273, 63.200000 
1.213251, -2.502818, -1.289567, 63.300000 
1.174974, -2.462845, -1.287871, 63.400000 
1.141144, -2.427581, -1.286437, 63.500000 
1.116392, -2.401780, -1.285387, 63.600000 
1.103609, -2.388382, -1.284773, 63.700000 
1.104130, -2.388746, -1.284616, 63.800000 
1.117900, -2.402837, -1.284937, 63.900000 
1.143469, -2.429221, -1.285752, 64.000000 
1.177823, -2.464868, -1.287045, 64.100000 
1.216207, -2.504926, -1.288719, 64.200000 
1.252298, -2.542829, -1.290531, 64.300000 
1.279114, -2.571192, -1.292078, 64.400000 
1.290783, -2.583701, -1.292917, 64.500000 
1.284556, -2.577343, -1.292787, 64.600000 
1.261897, -2.553665, -1.291768, 64.700000 
1.227901, -2.518117, -1.290216, 64.800000 
1.189440, -2.477977, -1.288538, 64.900000 
1.153201, -2.440235, -1.287034, 65.000000 
1.124487, -2.410352, -1.285865, 65.100000 
1.106845, -2.391945, -1.285099, 65.200000 
1.102185, -2.386949, -1.284764, 65.300000 
1.110974, -2.395855, -1.284880, 65.400000 
1.132311, -2.417779, -1.285469, 65.500000 
1.163804, -2.450339, -1.286535, 65.600000 
1.201371, -2.489396, -1.288026, 65.700000 
1.239222, -2.528991, -1.289769, 65.800000 
1.270452, -2.561879, -1.291427, 65.900000 
1.288506, -2.581063, -1.292557, 66.000000 
1.289222, -2.582028, -1.292806, 66.100000 
1.272420, -2.564537, -1.292117, 66.200000 
1.241979, -2.532736, -1.290757, 66.300000 
1.204346, -2.493479, -1.289133, 66.400000 
1.166481, -2.454070, -1.287588, 66.500000 
1.134311, -2.420637, -1.286325, 66.600000 
1.112067, -2.397504, -1.285437, 66.700000 
1.102264, -2.387221, -1.284956, 66.800000 
1.105908, -2.390812, -1.284903, 66.900000 
1.122628, -2.407926, -1.285298, 67.000000 
1.150628, -2.436785, -1.286157, 67.100000 
1.186493, -2.473952, -1.287460, 67.200000 
1.225056, -2.514148, -1.289091, 67.300000 
1.259713, -2.550498, -1.290785, 67.400000 
1.283538, -2.575669, -1.292131, 67.500000 
1.291204, -2.583924, -1.292720, 67.600000 
1.280890, -2.573258, -1.292368, 67.700000 
1.255017, -2.546251, -1.291233, 67.800000 
1.219289, -2.508981, -1.289691, 67.900000 
1.180701, -2.468821, -1.288120, 68.000000 
1.145707, -2.432479, -1.286773, 68.100000 
1.119223, -2.404994, -1.285771, 68.200000 
1.104410, -2.389570, -1.285160, 68.300000 
1.102830, -2.387790, -1.284960, 68.400000 
1.114640, -2.399828, -1.285187, 68.500000 
1.138612, -2.424473, -1.285861, 68.600000 
1.171978, -2.458959, -1.286982, 68.700000 
1.210244, -2.498723, -1.288479, 68.800000 
1.247274, -2.537428, -1.290154, 68.900000 
1.276071, -2.567719, -1.291648, 69.000000 
1.290434, -2.582967, -1.292533, 69.100000 
1.287009, -2.579529, -1.292521, 69.200000 
1.266603, -2.558245, -1.291642, 69.300000 
1.233859, -2.524074, -1.290215, 69.400000 
1.195528, -2.484164, -1.288637, 69.500000 
1.158444, -2.445655, -1.287210, 69.600000 
1.128185, -2.414283, -1.286098, 69.700000 
1.108582, -2.393947, -1.285365, 69.800000 
1.101792, -2.386825, -1.285032, 69.900000 
1.108500, -2.393614, -1.285113, 70.000000 
1.128020, -2.413646, -1.285626, 70.100000 
1.158201, -2.444782, -1.286581, 70.200000 
1.195228, -2.483169, -1.287941, 70.300000 
1.233551, -2.523116, -1.289565, 70.400000 
1.266355, -2.557511, -1.291156, 70.500000 
1.286889, -2.579184, -1.292295, 70.600000 
1.290479, -2.583096, -1.292617, 70.700000 
1.276266, -2.568291, -1.292025, 70.800000 
1.247560, -2.538308, -1.290749, 70.900000 
1.210546, -2.499727, -1.289181, 71.000000 
1.172236, -2.459910, -1.287674, 71.100000 
1.138792, -2.425230, -1.286439, 71.200000 
1.114731, -2.400301, -1.285569, 71.300000 
1.102835, -2.387930, -1.285096, 71.400000 
1.104335, -2.389365, -1.285030, 71.500000 
1.119077, -2.404465, -1.285387, 71.600000 
1.145499, -2.431681, -1.286182, 71.700000 
1.180451, -2.467851, -1.287401, 71.800000 
1.219032, -2.507982, -1.288950, 71.900000 
1.254809, -2.545404, -1.290595, 72.000000 
1.280791, -2.572743, -1.291952, 72.100000 
1.291252, -2.583862, -1.292610, 72.200000 
1.283727, -2.576078, -1.292351, 72.300000 
1.259990, -2.551280, -1.291290, 72.400000 
1.225349, -2.515132, -1.289783, 72.500000 
1.186734, -2.474953, -1.288219, 72.600000 
1.150777, -2.437642, -1.286865, 72.700000 
1.122670, -2.408523, -1.285853, 72.800000 
1.105849, -2.391080, -1.285232, 72.900000 
1.102121, -2.387134, -1.285014, 73.000000 
1.111861, -2.397072, -1.285211, 73.100000 
1.134066, -2.419905, -1.285840, 73.200000 
1.166223, -2.453124, -1.286902, 73.300000 
1.204109, -2.492452, -1.288342, 73.400000 
1.241813, -2.531800, -1.289987, 73.500000 
1.272378, -2.563881, -1.291503, 73.600000 
1.289337, -2.581804, -1.292467, 73.700000 
1.288768, -2.581329, -1.292561, 73.800000 
1.270803, -2.562573, -1.291770, 73.900000 
1.239574, -2.529955, -1.290382, 74.000000 
1.201642, -2.490439, -1.288796, 74.100000 
1.163945, -2.451282, -1.287337, 74.200000 
1.132308, -2.418490, -1.286182, 74.300000 
1.110844, -2.396250, -1.285406, 74.400000 
1.101959, -2.386988, -1.285029, 74.500000 
1.106561, -2.391625, -1.285064, 74.600000 
1.124181, -2.409706, -1.285526, 74.700000 
1.152909, -2.439335, -1.286426, 74.800000 
1.189202, -2.476941, -1.287739, 74.900000 
1.227764, -2.517106, -1.289343, 75.000000 
1.261906, -2.552872, -1.290966, 75.100000 
1.284743, -2.576944, -1.292201, 75.200000 
1.291135, -2.583797, -1.292662, 75.300000 
1.279564, -2.571764, -1.292200, 75.400000 
1.252741, -2.543741, -1.291000, 75.500000 
1.216541, -2.505988, -1.289447, 75.600000 
1.177980, -2.465887, -1.287906, 75.700000 
1.143431, -2.430044, -1.286613, 75.800000 
1.117687, -2.403363, -1.285675, 75.900000 
1.103790, -2.388919, -1.285129, 76.000000 
1.103198, -2.388187, -1.284988, 76.100000 
1.115969, -2.401237, -1.285268, 76.200000 
1.140765, -2.426751, -1.285986, 76.300000 
1.174695, -2.461832, -1.287137, 76.400000 
1.213125, -2.501774, -1.288648, 76.500000 
1.249811, -2.540121, -1.290310, 76.600000 
1.277739, -2.569497, -1.291758, 76.700000 
1.290846, -2.583416, -1.292570, 76.800000 
1.286060, -2.578541, -1.292481, 76.900000 
1.264513, -2.556062, -1.291549, 77.000000 
1.231083, -2.521185, -1.290102, 77.100000 
1.192596, -2.481130, -1.288534, 77.200000 
1.155836, -2.442967, -1.287131, 77.300000 
1.126257, -2.412302, -1.286045, 77.400000 
1.107562, -2.392896, -1.285334, 77.500000 
1.101790, -2.386808, -1.285018, 77.600000 
1.109524, -2.394635, -1.285111, 77.700000 
1.129972, -2.415606, -1.285634, 77.800000 
1.160863, -2.447462, -1.286599, 77.900000 
1.198243, -2.486213, -1.287970, 78.000000 
1.236429, -2.526028, -1.289599, 78.100000 
1.268541, -2.559723, -1.291181, 78.200000 
1.287902, -2.580200, -1.292298, 78.300000 
1.290076, -2.582670, -1.292594, 78.400000 
1.274540, -2.566531, -1.291991, 78.500000 
1.244897, -2.535626, -1.290729, 78.600000 
1.207484, -2.496679, -1.289195, 78.700000 
1.169306, -2.457030, -1.287724, 78.800000 
1.136422, -2.422936, -1.286514, 78.900000 
1.113215, -2.398867, -1.285652, 79.000000 
1.102342, -2.387508, -1.285167, 79.100000 
1.104922, -2.389996, -1.285074, 79.200000 
1.120693, -2.406089, -1.285396, 79.300000 
1.147973, -2.434126, -1.286153, 79.400000 
1.183472, -2.470811, -1.287339, 79.500000 
1.222148, -2.511011, -1.288863, 79.600000 
1.257460, -2.547948, -1.290489, 79.700000 
1.282428, -2.574259, -1.291831, 79.800000 
1.291507, -2.583991, -1.292485, 79.900000 
1.282542, -2.574788, -1.292246, 80.000000 
1.257643, -2.548880, -1.291237, 80.100000 
1.222338, -2.512146, -1.289808, 80.200000 
1.183617, -2.471942, -1.288325, 80.300000 
1.148045, -2.435078, -1.287033, 80.400000 
1.120690, -2.406743, -1.286052, 80.500000 
1.104856, -2.390281, -1.285425, 80.600000 
1.102227, -2.387396, -1.285169, 80.700000 
1.113066, -2.398369, -1.285303, 80.800000 
1.136246, -2.422100, -1.285854, 80.900000 
1.169118, -2.455954, -1.286836, 81.000000 
1.207309, -2.495512, -1.288204, 81.100000 
1.244778, -2.534566, -1.289788, 81.200000 
1.274529, -2.565790, -1.291262, 81.300000 
1.290207, -2.582417, -1.292211, 81.400000 
1.288165, -2.580495, -1.292331, 81.500000 
1.268877, -2.560493, -1.291616, 81.600000 
1.236754, -2.527100, -1.290346, 81.700000 
1.198479, -2.487375, -1.288896, 81.800000 
1.160965, -2.448521, -1.287556, 81.900000 
1.129930, -2.416413, -1.286483, 82.000000 
1.109356, -2.395094, -1.285738, 82.100000 
1.101529, -2.386870, -1.285342, 82.200000 
1.107243, -2.392553, -1.285310, 82.300000 
1.125916, -2.411585, -1.285668, 82.400000 
1.155512, -2.441953, -1.286441, 82.500000 
1.192334, -2.479952, -1.287618, 82.600000 
1.230938, -2.520030, -1.289092, 82.700000 
1.264543, -2.555149, -1.290607, 82.800000 
1.286299, -2.578072, -1.291773, 82.900000 
1.291277, -2.583502, -1.292225, 83.000000 
1.278284, -2.570116, -1.291832, 83.100000 
1.250350, -2.541127, -1.290776, 83.200000 
1.213540, -2.502954, -1.289414, 83.300000 
1.174904, -2.462976, -1.288072, 83.400000 
1.140739, -2.427686, -1.286947, 83.500000 
1.115723, -2.401845, -1.286123, 83.600000 
1.102777, -2.388401, -1.285624, 83.700000 
1.103255, -2.388716, -1.285461, 83.800000 
1.117107, -2.402761, -1.285654, 83.900000 
1.142876, -2.429107, -1.286231, 84.000000 
1.177526, -2.464729, -1.287203, 84.100000 
1.216268, -2.504781, -1.288513, 84.200000 
1.252726, -2.542703, -1.289977, 84.300000 
1.279856, -2.571113, -1.291257, 84.400000 
1.291721, -2.583687, -1.291966, 84.500000 
1.285529, -2.577401, -1.291871, 84.600000 
1.262738, -2.553783, -1.291045, 84.700000 
1.228470, -2.518270, -1.289800, 84.800000 
1.189652, -2.478134, -1.288482, 84.900000 
1.153036, -2.440367, -1.287332, 85.000000 
1.123983, -2.410442, -1.286459, 85.100000 
1.106086, -2.391983, -1.285896, 85.200000 
1.101283, -2.386932, -1.285649, 85.300000 
1.110056, -2.395782, -1.285726, 85.400000 
1.131507, -2.417658, -1.286151, 85.500000 
1.163236, -2.450180, -1.286944, 85.600000 
1.201136, -2.489221, -1.288084, 85.700000 
1.239377, -2.528825, -1.289448, 85.800000 
1.270993, -2.561756, -1.290763, 85.900000 
1.289357, -2.581012, -1.291655, 86.000000 
1.290243, -2.582064, -1.291821, 86.100000 
1.273431, -2.564654, -1.291223, 86.200000 
1.242803, -2.532906, -1.290103, 86.300000 
1.204847, -2.493666, -1.288818, 86.400000 
1.166589, -2.454237, -1.287649, 86.500000 
1.134021, -2.420761, -1.286739, 86.600000 
1.111434, -2.397568, -1.286135, 86.700000 
1.101385, -2.387221, -1.285836, 86.800000 
1.104910, -2.390749, -1.285840, 86.900000 
1.121652, -2.407809, -1.286158, 87.000000 
1.149817, -2.436627, -1.286810, 87.100000 
1.185978, -2.473773, -1.287795, 87.200000 
1.224938, -2.513974, -1.289036, 87.300000 
1.260034, -2.550362, -1.290328, 87.400000 
1.284268, -2.575600, -1.291333, 87.500000 
1.292228, -2.583938, -1.291711, 87.600000 
1.282030, -2.573353, -1.291323, 87.700000 
1.256073, -2.546404, -1.290331, 87.800000 
1.220084, -2.509159, -1.289076, 87.900000 
1.181113, -2.468992, -1.287879, 88.000000 
1.145687, -2.432614, -1.286928, 88.100000 
1.118787, -2.405075, -1.286288, 88.200000 
1.103629, -2.389590, -1.285960, 88.300000 
1.101820, -2.387749, -1.285929, 88.400000 
1.113542, -2.399733, -1.286191, 88.500000 
1.137584, -2.424339, -1.286755, 88.600000 
1.171177, -2.458803, -1.287625, 88.700000 
1.209809, -2.498568, -1.288759, 88.800000 
1.247297, -2.537301, -1.290004, 88.900000 
1.276571, -2.567644, -1.291073, 89.000000 
1.291339, -2.582958, -1.291620, 89.100000 
1.288164, -2.579588, -1.291424, 89.200000 
1.267806, -2.558359, -1.290553, 89.300000 
1.234905, -2.524221, -1.289316, 89.400000 
1.196250, -2.484318, -1.288067, 89.500000 
1.158742, -2.445788, -1.287046, 89.600000 
1.128025, -2.414377, -1.286352, 89.700000 
1.107996, -2.393988, -1.285993, 89.800000 
1.100864, -2.386806, -1.285942, 89.900000 
1.107358, -2.393539, -1.286181, 90.000000 
1.126823, -2.413525, -1.286702, 90.100000 
1.157127, -2.444632, -1.287505, 90.200000 
1.194452, -2.483014, -1.288562, 90.300000 
1.233218, -2.522983, -1.289765, 90.400000 
1.266547, -2.557424, -1.290876, 90.500000 
1.287598, -2.579161, -1.291562, 90.600000 
1.291594, -2.583140, -1.291546, 90.700000 
1.277594, -2.568391, -1.290797, 90.800000 
1.248871, -2.538443, -1.289572, 90.900000 
1.211626, -2.499872, -1.288246, 91.000000 
1.172926, -2.460042, -1.287116, 91.100000 
1.139002, -2.425333, -1.286331, 91.200000 
1.114445, -2.400361, -1.285916, 91.300000 
1.102098, -2.387943, -1.285845, 91.400000 
1.103247, -2.389327, -1.286080, 91.500000 
1.117782, -2.404380, -1.286598, 91.600000 
1.144171, -2.431558, -1.287387, 91.700000 
1.179283, -2.467703, -1.288421, 91.800000 
1.218216, -2.507832, -1.289616, 91.900000 
1.254499, -2.545279, -1.290780, 92.000000 
1.281066, -2.572668, -1.291602, 92.100000 
1.292085, -2.583854, -1.291769, 92.200000 
1.284979, -2.576137, -1.291157, 92.300000 
1.261443, -2.551391, -1.289948, 92.400000 
1.226757, -2.515273, -1.288516, 92.500000 
1.187878, -2.475100, -1.287221, 92.600000 
1.151498, -2.437775, -1.286276, 92.700000 
1.122882, -2.408628, -1.285746, 92.800000 
1.105536, -2.391145, -1.285609, 92.900000 
1.101330, -2.387152, -1.285822, 93.000000 
1.110695, -2.397036, -1.286341, 93.100000 
1.132677, -2.419817, -1.287141, 93.200000 
1.164803, -2.452992, -1.288189, 93.300000 
1.202877, -2.492294, -1.289417, 93.400000 
1.240978, -2.531642, -1.290664, 93.500000 
1.272104, -2.563753, -1.291648, 93.600000 
1.289695, -2.581732, -1.292036, 93.700000 
1.289710, -2.581328, -1.291618, 93.800000 
1.272163, -2.562638, -1.290475, 93.900000 
1.241114, -2.530071, -1.288957, 94.000000 
1.203108, -2.490581, -1.287473, 94.100000 
1.165114, -2.451427, -1.286314, 94.200000 
1.133018, -2.418619, -1.285600, 94.300000 
1.111006, -2.396344, -1.285338, 94.400000 
1.101554, -2.387035, -1.285481, 94.500000 
1.105639, -2.391617, -1.285978, 94.600000 
1.122857, -2.409641, -1.286784, 94.700000 
1.151359, -2.439220, -1.287860, 94.800000 
1.187647, -2.476790, -1.289142, 94.900000 
1.226450, -2.516943, -1.290493, 95.000000 
1.261067, -2.552727, -1.291660, 95.100000 
1.284545, -2.576847, -1.292302, 95.200000 
1.291634, -2.583768, -1.292134, 95.300000 
1.280678, -2.571805, -1.291127, 95.400000 
1.254274, -2.543841, -1.289567, 95.500000 
1.218231, -2.506124, -1.287893, 95.600000 
1.179560, -2.466033, -1.286474, 95.700000 
1.144671, -2.430179, -1.285508, 95.800000 
1.118422, -2.403468, -1.285046, 95.900000 
1.103927, -2.388982, -1.285056, 96.000000 
1.102718, -2.388199, -1.285480, 96.100000 
1.114926, -2.401193, -1.286267, 96.200000 
1.139285, -2.426652, -1.287367, 96.300000 
1.172972, -2.461687, -1.288715, 96.400000 
1.211412, -2.501603, -1.290192, 96.500000 
1.248386, -2.539956, -1.291570, 96.600000 
1.276861, -2.569373, -1.292512, 96.700000 
1.290690, -2.583364, -1.292674, 96.800000 
1.286665, -2.578573, -1.291908, 96.900000 
1.265769, -2.556167, -1.290398, 97.000000 
1.232761, -2.521337, -1.288576, 97.100000 
1.194413, -2.481296, -1.286883, 97.200000 
1.157510, -2.443118, -1.285608, 97.300000 
1.127553, -2.412418, -1.284865, 97.400000 
1.108310, -2.392964, -1.284655, 97.500000 
1.101894, -2.386823, -1.284929, 97.600000 
1.108964, -2.394595, -1.285631, 97.700000 
1.128808, -2.415515, -1.286707, 97.800000 
1.159236, -2.447328, -1.288092, 97.900000 
1.196371, -2.486051, -1.289680, 98.000000 
1.234596, -2.525865, -1.291269, 98.100000 
1.267054, -2.559591, -1.292537, 98.200000 
1.287033, -2.580130, -1.293097, 98.300000 
1.289991, -2.582679, -1.292688, 98.400000 
1.275253, -2.566615, -1.291362, 98.500000 
1.246271, -2.535762, -1.289491, 98.600000 
1.209274, -2.496837, -1.287563, 98.700000 
1.171221, -2.457180, -1.285958, 98.800000 
1.138180, -2.423056, -1.284876, 98.900000 
1.114578, -2.398945, -1.284367, 99.000000 
1.103131, -2.387537, -1.284406, 99.100000 
1.105031, -2.389974, -1.284943, 99.200000 
1.120094, -2.406019, -1.285924, 99.300000 
1.146726, -2.434016, -1.287289, 99.400000 
1.181729, -2.470674, -1.288944, 99.500000 
1.220150, -2.510865, -1.290715, 99.600000 
1.255517, -2.547820, -1.292304, 99.700000 
1.280868, -2.574175, -1.293307, 99.800000 
1.290605, -2.583968, -1.293363, 99.900000 
1.282457, -2.574831, -1.292374, 100.000000 
1.258377, -2.548979, -1.290602, 100.100000 
1.223744, -2.512278, -1.288534, 100.200000 
1.185448, -2.472080, -1.286631, 100.300000 
1.150013, -2.435199, -1.285186, 100.400000 
1.122510, -2.406828, -1.284318, 100.500000 
1.106280, -2.390322, -1.284041, 100.600000 
1.103067, -2.387389, -1.284322, 100.700000 
1.113200, -2.398316, -1.285116, 100.800000 
1.135640, -2.422010, -1.286370, 100.900000 
1.167832, -2.455841, -1.288009, 101.000000 
1.205508, -2.495395, -1.289887, 101.100000 
1.242724, -2.534466, -1.291742, 101.200000 
1.272551, -2.565728, -1.293177, 101.300000 
1.288646, -2.582407, -1.293761, 101.400000 
1.287294, -2.580539, -1.293246, 101.500000 
1.268838, -2.560582, -1.291743, 101.600000 
1.237531, -2.527214, -1.289683, 101.700000 
1.199919, -2.487491, -1.287571, 101.800000 
1.162826, -2.448620, -1.285794, 101.900000 
1.131929, -2.416482, -1.284552, 102.000000 
1.111214, -2.395127, -1.283913, 102.100000 
1.102995, -2.386866, -1.283870, 102.200000 
1.108118, -2.392514, -1.284396, 102.300000 
1.126065, -2.411517, -1.285452, 102.400000 
1.154884, -2.441865, -1.286981, 102.500000 
1.190982, -2.479854, -1.288872, 102.600000 
1.229033, -2.519937, -1.290904, 102.700000 
1.262366, -2.555080, -1.292714, 102.800000 
1.284206, -2.578042, -1.293836, 102.900000 
1.289627, -2.583520, -1.293893, 103.000000 
1.277358, -2.570179, -1.292821, 103.100000 
1.250287, -2.541221, -1.290934, 103.200000 
1.214322, -2.503062, -1.288741, 103.300000 
1.176379, -2.463079, -1.286699, 103.400000 
1.142669, -2.427769, -1.285099, 103.500000 
1.117826, -2.401898, -1.284072, 103.600000 
1.104766, -2.388418, -1.283652, 103.700000 
1.104861, -2.388696, -1.283835, 103.800000 
1.118104, -2.402704, -1.284600, 103.900000 
1.143106, -2.429019, -1.285913, 104.000000 
1.176922, -2.464621, -1.287699, 104.100000 
1.214881, -2.504669, -1.289788, 104.200000 
1.250739, -2.542607, -1.291868, 104.300000 
1.277572, -2.571052, -1.293480, 104.400000 
1.289519, -2.583675, -1.294156, 104.500000 
1.283782, -2.577440, -1.293657, 104.600000 
1.261730, -2.553864, -1.292135, 104.700000 
1.228340, -2.518377, -1.290036, 104.800000 
1.190387, -2.478248, -1.287861, 104.900000 
1.154492, -2.440472, -1.285979, 105.000000 
1.125929, -2.410523, -1.284593, 105.100000 
1.108242, -2.392029, -1.283787, 105.200000 
1.103352, -2.386936, -1.283584, 105.300000 
1.111754, -2.395742, -1.283988, 105.400000 
1.132589, -2.417578, -1.284989, 105.500000 
1.163525, -2.450070, -1.286545, 105.600000 
1.200550, -2.489095, -1.288545, 105.700000 
1.237966, -2.528706, -1.290740, 105.800000 
1.268952, -2.561667, -1.292716, 105.900000 
1.287009, -2.580972, -1.293964, 106.000000 
1.287981, -2.582081, -1.294100, 106.100000 
1.271635, -2.564722, -1.293087, 106.200000 
1.241754, -2.533011, -1.291257, 106.300000 
1.204684, -2.493788, -1.289104, 106.400000 
1.167301, -2.454357, -1.287056, 106.500000 
1.135474, -2.420860, -1.285387, 106.600000 
1.113403, -2.397635, -1.284231, 106.700000 
1.103595, -2.387244, -1.283649, 106.800000 
1.107059, -2.390724, -1.283665, 106.900000 
1.123441, -2.407736, -1.284295, 107.000000 
1.150981, -2.436512, -1.285530, 107.100000 
1.186318, -2.473631, -1.287312, 107.200000 
1.224363, -2.513828, -1.289465, 107.300000 
1.258596, -2.550242, -1.291646, 107.400000 
1.282178, -2.575535, -1.293357, 107.500000 
1.289829, -2.583946, -1.294117, 107.600000 
1.279726, -2.573432, -1.293706, 107.700000 
1.254238, -2.546535, -1.292297, 107.800000 
1.218987, -2.509311, -1.290324, 107.900000 
1.180886, -2.469134, -1.288247, 108.000000 
1.146325, -2.432724, -1.286399, 108.100000 
1.120174, -2.405140, -1.284966, 108.200000 
1.105560, -2.389603, -1.284043, 108.300000 
1.104030, -2.387711, -1.283681, 108.400000 
1.115733, -2.399647, -1.283914, 108.500000 
1.139448, -2.424213, -1.284765, 108.600000 
1.172431, -2.458652, -1.286221, 108.700000 
1.210235, -2.498415, -1.288180, 108.800000 
1.246789, -2.537173, -1.290384, 108.900000 
1.275178, -2.567571, -1.292393, 109.000000 
1.289277, -2.582961, -1.293684, 109.100000 
1.285778, -2.579670, -1.293892, 109.200000 
1.265494, -2.558501, -1.293008, 109.300000 
1.233032, -2.524391, -1.291358, 109.400000 
1.195087, -2.484481, -1.289394, 109.500000 
1.158430, -2.445920, -1.287489, 109.600000 
1.128581, -2.414461, -1.285881, 109.700000 
1.109322, -2.394018, -1.284696, 109.800000 
1.102775, -2.386781, -1.284006, 109.900000 
1.109596, -2.393461, -1.283865, 110.000000 
1.129086, -2.413403, -1.284317, 110.100000 
1.159092, -2.444480, -1.285387, 110.200000 
1.195814, -2.482852, -1.287038, 110.300000 
1.233738, -2.522839, -1.289100, 110.400000 
1.266107, -2.557328, -1.291221, 110.500000 
1.286240, -2.579137, -1.292897, 110.600000 
1.289531, -2.583197, -1.293666, 110.700000 
1.275173, -2.568518, -1.293346, 110.800000 
1.246489, -2.538612, -1.292123, 110.900000 
1.209651, -2.500049, -1.290398, 111.000000 
1.171633, -2.460195, -1.288562, 111.100000 
1.138550, -2.425441, -1.286890, 111.200000 
1.114872, -2.400413, -1.285541, 111.300000 
1.103331, -2.387936, -1.284605, 111.400000 
1.105121, -2.389265, -1.284145, 111.500000 
1.120051, -2.404272, -1.284221, 111.600000 
1.146532, -2.431418, -1.284886, 111.700000 
1.181400, -2.467553, -1.286153, 111.800000 
1.219760, -2.507695, -1.287935, 111.900000 
1.255200, -2.545180, -1.289980, 112.000000 
1.280778, -2.572628, -1.291850, 112.100000 
1.290836, -2.583883, -1.293047, 112.200000 
1.282975, -2.576229, -1.293255, 112.300000 
1.259024, -2.551527, -1.292502, 112.400000 
1.224319, -2.515423, -1.291104, 112.500000 
1.185791, -2.475236, -1.289445, 112.600000 
1.150051, -2.437876, -1.287825, 112.700000 
1.122256, -2.408684, -1.286427, 112.800000 
1.105799, -2.391153, -1.285354, 112.900000 
1.102440, -2.387114, -1.284674, 113.000000 
1.112507, -2.396961, -1.284454, 113.100000 
1.134955, -2.419714, -1.284759, 113.200000 
1.167236, -2.452873, -1.285637, 113.300000 
1.205104, -2.492172, -1.287069, 113.400000 
1.242639, -2.531537, -1.288898, 113.500000 
1.272905, -2.563684, -1.290779, 113.600000 
1.289479, -2.581717, -1.292238, 113.700000 
1.288503, -2.581372, -1.292869, 113.800000 
1.270177, -2.562735, -1.292559, 113.900000 
1.238690, -2.530201, -1.291511, 114.000000 
1.200637, -2.490719, -1.290081, 114.100000 
1.162965, -2.451548, -1.288583, 114.200000 
1.131485, -2.418704, -1.287220, 114.300000 
1.110282, -2.396384, -1.286102, 114.400000 
1.101728, -2.387028, -1.285300, 114.500000 
1.106690, -2.391565, -1.284875, 114.600000 
1.124657, -2.409552, -1.284895, 114.700000 
1.153677, -2.439103, -1.285426, 114.800000 
1.190164, -2.476660, -1.286496, 114.900000 
1.228790, -2.516820, -1.288030, 115.000000 
1.262847, -2.552632, -1.289784, 115.100000 
1.285452, -2.576799, -1.291346, 115.200000 
1.291500, -2.583778, -1.292279, 115.300000 
1.279526, -2.571874, -1.292349, 115.400000 
1.252312, -2.543957, -1.291644, 115.500000 
1.215797, -2.506264, -1.290467, 115.600000 
1.177039, -2.466175, -1.289135, 115.700000 
1.142431, -2.430300, -1.287869, 115.800000 
1.116765, -2.403552, -1.286788, 115.900000 
1.103062, -2.389018, -1.285956, 116.000000 
1.102754, -2.388180, -1.285426, 116.100000 
1.115863, -2.401120, -1.285257, 116.200000 
1.141015, -2.426532, -1.285517, 116.300000 
1.175276, -2.461536, -1.286261, 116.400000 
1.213970, -2.501442, -1.287473, 116.500000 
1.250808, -2.539811, -1.289002, 116.600000 
1.278747, -2.569270, -1.290523, 116.700000 
1.291712, -2.583323, -1.291611, 116.800000 
1.286646, -2.578603, -1.291957, 116.900000 
1.264725, -2.556261, -1.291536, 117.000000 
1.230892, -2.521477, -1.290585, 117.100000 
1.192040, -2.481457, -1.289417, 117.200000 
1.155004, -2.443275, -1.288271, 117.300000 
1.125271, -2.412546, -1.287275, 117.400000 
1.106557, -2.393045, -1.286489, 117.500000 
1.100897, -2.386844, -1.285948, 117.600000 
1.108858, -2.394553, -1.285695, 117.700000 
1.129624, -2.415412, -1.285788, 117.800000 
1.160889, -2.447177, -1.286289, 117.900000 
1.198655, -2.485874, -1.287219, 118.000000 
1.237189, -2.525690, -1.288501, 118.100000 
1.269557, -2.559451, -1.289895, 118.200000 
1.289030, -2.580056, -1.291026, 118.300000 
1.291140, -2.582686, -1.291546, 118.400000 
1.275366, -2.566699, -1.291333, 118.500000 
1.245350, -2.535904, -1.290554, 118.600000 
1.207496, -2.497005, -1.289509, 118.700000 
1.168886, -2.457345, -1.288459, 118.800000 
1.135644, -2.423194, -1.287551, 118.900000 
1.112199, -2.399040, -1.286841, 119.000000 
1.101227, -2.387576, -1.286349, 119.100000 
1.103856, -2.389953, -1.286097, 119.200000 
1.119815, -2.405938, -1.286123, 119.300000 
1.147406, -2.433885, -1.286479, 119.400000 
1.183309, -2.470512, -1.287204, 119.500000 
1.222432, -2.510699, -1.288266, 119.600000 
1.258176, -2.547680, -1.289504, 119.700000 
1.283486, -2.574091, -1.290605, 119.800000 
1.292747, -2.583962, -1.291214, 119.900000 
1.283763, -2.574902, -1.291139, 120.000000 
1.258642, -2.549109, -1.290467, 120.100000 
1.222958, -2.512438, -1.289480, 120.200000 
1.183774, -2.472242, -1.288467, 120.300000 
1.147734, -2.435339, -1.287604, 120.400000 
1.119971, -2.406929, -1.286958, 120.500000 
1.103835, -2.390372, -1.286536, 120.600000 
1.101043, -2.387381, -1.286338, 120.700000 
1.111871, -2.398247, -1.286376, 120.800000 
1.135202, -2.421887, -1.286685, 120.900000 
1.168379, -2.455678, -1.287300, 121.000000 
1.207003, -2.495219, -1.288216, 121.100000 
1.244983, -2.534309, -1.289327, 121.200000 
1.275243, -2.565625, -1.290383, 121.300000 
1.291334, -2.582382, -1.291047, 121.400000 
1.289523, -2.580595, -1.291072, 121.500000 
1.270236, -2.560703, -1.290467, 121.600000 
1.237889, -2.527373, -1.289484, 121.700000 
1.199219, -2.487658, -1.288439, 121.800000 
1.161216, -2.448768, -1.287552, 121.900000 
1.129678, -2.416594, -1.286916, 122.000000 
1.108653, -2.395191, -1.286538, 122.100000 
1.100476, -2.386875, -1.286399, 122.200000 
1.105979, -2.392467, -1.286487, 122.300000 
1.124605, -2.411417, -1.286812, 122.400000 
1.154330, -2.441724, -1.287394, 122.500000 
1.191455, -2.479692, -1.288237, 122.600000 
1.230513, -2.519783, -1.289270, 122.700000 
1.264666, -2.554965, -1.290299, 122.800000 
1.286977, -2.577990, -1.291013, 122.900000 
1.292412, -2.583542, -1.291131, 123.000000 
1.279686, -2.570267, -1.290582, 123.100000 
1.251782, -2.541353, -1.289571, 123.200000 
1.214775, -2.503210, -1.288435, 123.300000 
1.175766, -2.463217, -1.287452, 123.400000 
1.141125, -2.427881, -1.286756, 123.500000 
1.115602, -2.401974, -1.286372, 123.600000 
1.102182, -2.388453, -1.286271, 123.700000 
1.102268, -2.388687, -1.286419, 123.800000 
1.115852, -2.402652, -1.286800, 123.900000 
1.141513, -2.428928, -1.287415, 124.000000 
1.176239, -2.464501, -1.288262, 124.100000 
1.215248, -2.504537, -1.289289, 124.200000 
1.252145, -2.542484, -1.290338, 124.300000 
1.279830, -2.570964, -1.291134, 124.400000 
1.292274, -2.583644, -1.291370, 124.500000 
1.286574, -2.577473, -1.290899, 124.600000 
1.264093, -2.553952, -1.289859, 124.700000 
1.229907, -2.518497, -1.288590, 124.800000 
1.190945, -2.478375, -1.287429, 124.900000 
1.154005, -2.440583, -1.286578, 125.000000 
1.124507, -2.410604, -1.286097, 125.100000 
1.106111, -2.392073, -1.285962, 125.200000 
1.100814, -2.386941, -1.286127, 125.300000 
1.109155, -2.395710, -1.286555, 125.400000 
1.130285, -2.417511, -1.287226, 125.500000 
1.161849, -2.449974, -1.288125, 125.600000 
1.199778, -2.488983, -1.289205, 125.700000 
1.238258, -2.528594, -1.290336, 125.800000 
1.270305, -2.561577, -1.291272, 125.900000 
1.289233, -2.580925, -1.291692, 126.000000 
1.290713, -2.582088, -1.291375, 126.100000 
1.274411, -2.564782, -1.290371, 126.200000 
1.244119, -2.533109, -1.288990, 126.300000 
1.206281, -2.493902, -1.287621, 126.400000 
1.167923, -2.454468, -1.286545, 126.500000 
1.135074, -2.420951, -1.285878, 126.600000 
1.112072, -2.397695, -1.285623, 126.700000 
1.101531, -2.387266, -1.285735, 126.800000 
1.104541, -2.390704, -1.286162, 126.900000 
1.120808, -2.407675, -1.286867, 127.000000 
1.148596, -2.436416, -1.287820, 127.100000 
1.184537, -2.473511, -1.288974, 127.200000 
1.223484, -2.513703, -1.290219, 127.300000 
1.258800, -2.550132, -1.291332, 127.400000 
1.283471, -2.575465, -1.291993, 127.500000 
1.292017, -2.583932, -1.291915, 127.600000 
1.282441, -2.573480, -1.291039, 127.700000 
1.257021, -2.546633, -1.289612, 127.800000 
1.221393, -2.509441, -1.288048, 127.900000 
1.182567, -2.469273, -1.286706, 128.000000 
1.147069, -2.432850, -1.285781, 128.100000 
1.119913, -2.405235, -1.285322, 128.200000 
1.104357, -2.389655, -1.285299, 128.300000 
1.102059, -2.387714, -1.285655, 128.400000 
1.113258, -2.399600, -1.286342, 128.500000 
1.136800, -2.424120, -1.287320, 128.600000 
1.169985, -2.458524, -1.288540, 128.700000 
1.208364, -2.498269, -1.289905, 128.800000 
1.245816, -2.537034, -1.291218, 128.900000 
1.275299, -2.567466, -1.292168, 129.000000 
1.290501, -2.582915, -1.292414, 129.100000 
1.287908, -2.579694, -1.291786, 129.200000 
1.268161, -2.558589, -1.290429, 129.300000 
1.235786, -2.524523, -1.288738, 129.400000 
1.197491, -2.484630, -1.287139, 129.500000 
1.160142, -2.446058, -1.285916, 129.600000 
1.129384, -2.414568, -1.285184, 129.700000 
1.109138, -2.394081, -1.284943, 129.800000 
1.101645, -2.386794, -1.285148, 129.900000 
1.107678, -2.393423, -1.285746, 130.000000 
1.126630, -2.413320, -1.286690, 130.100000 
1.156429, -2.444361, -1.287932, 130.200000 
1.193327, -2.482714, -1.289386, 130.300000 
1.231820, -2.522703, -1.290883, 130.400000 
1.265091, -2.557220, -1.292128, 130.500000 
1.286328, -2.579082, -1.292753, 130.600000 
1.290726, -2.583208, -1.292482, 130.700000 
1.277265, -2.568593, -1.291328, 130.800000 
1.249111, -2.538732, -1.289621, 130.900000 
1.212368, -2.500189, -1.287821, 131.000000 
1.174030, -2.460330, -1.286300, 131.100000 
1.140297, -2.425550, -1.285253, 131.200000 
1.115750, -2.400480, -1.284730, 131.300000 
1.103244, -2.387952, -1.284708, 131.400000 
1.104088, -2.389228, -1.285140, 131.500000 
1.118206, -2.404184, -1.285979, 131.600000 
1.144113, -2.431292, -1.287179, 131.700000 
1.178738, -2.467406, -1.288668, 131.800000 
1.217250, -2.507552, -1.290303, 131.900000 
1.253251, -2.545072, -1.291821, 132.000000 
1.279733, -2.572581, -1.292847, 132.100000 
1.290888, -2.583910, -1.293022, 132.200000 
1.284110, -2.576324, -1.292214, 132.300000 
1.261024, -2.551665, -1.290641, 132.400000 
1.226827, -2.515577, -1.288750, 132.500000 
1.188396, -2.475378, -1.286982, 132.600000 
1.152368, -2.437987, -1.285619, 132.700000 
1.123972, -2.408749, -1.284777, 132.800000 
1.106699, -2.391166, -1.284467, 132.900000 
1.102416, -2.387073, -1.284657, 133.000000 
1.111562, -2.396870, -1.285308, 133.100000 
1.133203, -2.419583, -1.286380, 133.200000 
1.164905, -2.452720, -1.287815, 133.300000 
1.202523, -2.492023, -1.289500, 133.400000 
1.240206, -2.531420, -1.291214, 133.500000 
1.271027, -2.563627, -1.292600, 133.600000 
1.288485, -2.581733, -1.293247, 133.700000 
1.288566, -2.581458, -1.292892, 133.800000 
1.271266, -2.562870, -1.291605, 133.900000 
1.240590, -2.530356, -1.289765, 134.000000 
1.203015, -2.490864, -1.287850, 134.100000 
1.165443, -2.451664, -1.286222, 134.200000 
1.133707, -2.418779, -1.285072, 134.300000 
1.111955, -2.396412, -1.284457, 134.400000 
1.102637, -2.387007, -1.284370, 134.500000 
1.106717, -2.391498, -1.284781, 134.600000 
1.123787, -2.409446, -1.285659, 134.700000 
1.152007, -2.438970, -1.286963, 134.800000 
1.187907, -2.476517, -1.288610, 134.900000 
1.226264, -2.516687, -1.290423, 135.000000 
1.260447, -2.552534, -1.292087, 135.100000 
1.283582, -2.576759, -1.293177, 135.200000 
1.290485, -2.583809, -1.293324, 135.300000 
1.279529, -2.571968, -1.292439, 135.400000 
1.253302, -2.544090, -1.290788, 135.500000 
1.217571, -2.506408, -1.288837, 135.600000 
1.179289, -2.466303, -1.287014, 135.700000 
1.144808, -2.430394, -1.285586, 135.800000 
1.118935, -2.403603, -1.284668, 135.900000 
1.104741, -2.389022, -1.284281, 136.000000 
1.103727, -2.388141, -1.284414, 136.100000 
1.116000, -2.401044, -1.285045, 136.200000 
1.140280, -2.426429, -1.286149, 136.300000 
1.173747, -2.461417, -1.287671, 136.400000 
1.211844, -2.501324, -1.289480, 136.500000 
1.248398, -2.539714, -1.291316, 136.600000 
1.276440, -2.569216, -1.292776, 136.700000 
1.289898, -2.583326, -1.293428, 136.800000 
1.285632, -2.578663, -1.293031, 136.900000 
1.264660, -2.556365, -1.291705, 137.000000 
1.231747, -2.521602, -1.289855, 137.100000 
1.193636, -2.481579, -1.287942, 137.200000 
1.157070, -2.443375, -1.286305, 137.300000 
1.127495, -2.412614, -1.285119, 137.400000 
1.108631, -2.393075, -1.284444, 137.500000 
1.102545, -2.386834, -1.284288, 137.600000 
1.109859, -2.394501, -1.284643, 137.700000 
1.129828, -2.415323, -1.285495, 137.800000 
1.160244, -2.447059, -1.286816, 137.900000 
1.197223, -2.485741, -1.288518, 138.000000 
1.235161, -2.525563, -1.290402, 138.100000 
1.267241, -2.559355, -1.292114, 138.200000 
1.286810, -2.580015, -1.293204, 138.300000 
1.289396, -2.582712, -1.293316, 138.400000 
1.274383, -2.566788, -1.292406, 138.500000 
1.245263, -2.536037, -1.290775, 138.600000 
1.208276, -2.497156, -1.288880, 138.700000 
1.170370, -2.457487, -1.287116, 138.800000 
1.137584, -2.423305, -1.285720, 138.900000 
1.114309, -2.399104, -1.284795, 139.000000 
1.103217, -2.387587, -1.284370, 139.100000 
1.105461, -2.389910, -1.284449, 139.200000 
1.120815, -2.405846, -1.285031, 139.300000 
1.147646, -2.433751, -1.286105, 139.400000 
1.182727, -2.470351, -1.287624, 139.500000 
1.221085, -2.510532, -1.289447, 139.600000 
1.256252, -2.547537, -1.291286, 139.700000 
1.281291, -2.574003, -1.292712, 139.800000 
1.290651, -2.583950, -1.293299, 139.900000 
1.282121, -2.574973, -1.292852, 140.000000 
1.257712, -2.549247, -1.291535, 140.100000 
1.222855, -2.512614, -1.289760, 140.200000 
1.184466, -2.472421, -1.287955, 140.300000 
1.149073, -2.435490, -1.286417, 140.400000 
1.121738, -2.407030, -1.285292, 140.500000 
1.105776, -2.390413, -1.284637, 140.600000 
1.102894, -2.387360, -1.284466, 140.700000 
1.113383, -2.398169, -1.284786, 140.800000 
1.136161, -2.421760, -1.285600, 140.900000 
1.168629, -2.455518, -1.286889, 141.000000 
1.206480, -2.495045, -1.288565, 141.100000 
1.243739, -2.534149, -1.290410, 141.200000 
1.273460, -2.565508, -1.292049, 141.300000 
1.289306, -2.582335, -1.293029, 141.400000 
1.287597, -2.580632, -1.293034, 141.500000 
1.268734, -2.560817, -1.292082, 141.600000 
1.237037, -2.527539, -1.290502, 141.700000 
1.199115, -2.487842, -1.288728, 141.800000 
1.161833, -2.448939, -1.287106, 141.900000 
1.130891, -2.416723, -1.285832, 142.000000 
1.110272, -2.395262, -1.284990, 142.100000 
1.102272, -2.386880, -1.284608, 142.200000 
1.107709, -2.392405, -1.284696, 142.300000 
1.126033, -2.411299, -1.285266, 142.400000 
1.155248, -2.441565, -1.286317, 142.500000 
1.191712, -2.479515, -1.287803, 142.600000 
1.230046, -2.519618, -1.289572, 142.700000 
1.263528, -2.554843, -1.291315, 142.800000 
1.285342, -2.577939, -1.292596, 142.900000 
1.290552, -2.583573, -1.293021, 143.000000 
1.277911, -2.570371, -1.292460, 143.100000 
1.250374, -2.541506, -1.291132, 143.200000 
1.213933, -2.503381, -1.289448, 143.300000 
1.175586, -2.463378, -1.287792, 143.400000 
1.141597, -2.428007, -1.286410, 143.500000 
1.116630, -2.402048, -1.285417, 143.600000 
1.103609, -2.388465, -1.284856, 143.700000 
1.103895, -2.388637, -1.284742, 143.800000 
1.117460, -2.402547, -1.285088, 143.900000 
1.142878, -2.428782, -1.285904, 144.000000 
1.177161, -2.464334, -1.287174, 144.100000 
1.215576, -2.504376, -1.288800, 144.200000 
1.251812, -2.542360, -1.290548, 144.300000 
1.278876, -2.570902, -1.292026, 144.400000 
1.290853, -2.583656, -1.292803, 144.500000 
1.284927, -2.577555, -1.292628, 144.600000 
1.262497, -2.554086, -1.291589, 144.700000 
1.228613, -2.518656, -1.290043, 144.800000 
1.190136, -2.478533, -1.288397, 144.900000 
1.153773, -2.440718, -1.286945, 145.000000 
1.124857, -2.410699, -1.285842, 145.100000 
1.106971, -2.392116, -1.285144, 145.200000 
1.102054, -2.386926, -1.284872, 145.300000 
1.110602, -2.395639, -1.285037, 145.400000 
1.131739, -2.417392, -1.285653, 145.500000 
1.163104, -2.449824, -1.286720, 145.600000 
1.200640, -2.488823, -1.288183, 145.700000 
1.238579, -2.528451, -1.289872, 145.800000 
1.270019, -2.561478, -1.291459, 145.900000 
1.288379, -2.580891, -1.292512, 146.000000 
1.289436, -2.582127, -1.292691, 146.100000 
1.272933, -2.564884, -1.291952, 146.200000 
1.242684, -2.533252, -1.290568, 146.300000 
1.205110, -2.494059, -1.288949, 146.400000 
1.167177, -2.454613, -1.287436, 146.500000 
1.134839, -2.421066, -1.286227, 146.600000 
1.112360, -2.397767, -1.285406, 146.700000 
1.102291, -2.387289, -1.284998, 146.800000 
1.105666, -2.390677, -1.285010, 146.900000 
1.122144, -2.407601, -1.285456, 147.000000 
1.149959, -2.436303, -1.286344, 147.100000 
1.185728, -2.473374, -1.287646, 147.200000 
1.224316, -2.513562, -1.289246, 147.300000 
1.259131, -2.550013, -1.290882, 147.400000 
1.283237, -2.575389, -1.292152, 147.500000 
1.291254, -2.583915, -1.292661, 147.600000 
1.281282, -2.573520, -1.292238, 147.700000 
1.255668, -2.546720, -1.291052, 147.800000 
1.220069, -2.509555, -1.289487, 147.900000 
1.181471, -2.469395, -1.287924, 148.000000 
1.146350, -2.432964, -1.286614, 148.100000 
1.119655, -2.405327, -1.285672, 148.200000 
1.104581, -2.389716, -1.285135, 148.300000 
1.102721, -2.387734, -1.285012, 148.400000 
1.114261, -2.399572, -1.285311, 148.500000 
1.138002, -2.424042, -1.286040, 148.600000 
1.171214, -2.458404, -1.287190, 148.700000 
1.209436, -2.498123, -1.288686, 148.800000 
1.246560, -2.536887, -1.290327, 148.900000 
1.275590, -2.567349, -1.291759, 149.000000 
1.290289, -2.582853, -1.292564, 149.100000 
1.287234, -2.579699, -1.292465, 149.200000 
1.267146, -2.558656, -1.291510, 149.300000 
1.234606, -2.524633, -1.290027, 149.400000 
1.196337, -2.484760, -1.288423, 149.500000 
1.159183, -2.446188, -1.287005, 149.600000 
1.128748, -2.414680, -1.285931, 149.700000 
1.108900, -2.394160, -1.285260, 149.800000 
1.101827, -2.386831, -1.285003, 149.900000 
1.108248, -2.393412, -1.285164, 150.000000 
1.127507, -2.413257, -1.285750, 150.100000 
1.157492, -2.444251, -1.286759, 150.200000 
1.194422, -2.482569, -1.288148, 150.300000 
1.232780, -2.522547, -1.289767, 150.400000 
1.265763, -2.557082, -1.291319, 150.500000 
1.286600, -2.578993, -1.292392, 150.600000 
1.290558, -2.583188, -1.292631, 150.700000 
1.276693, -2.568644, -1.291951, 150.800000 
1.248243, -2.538841, -1.290598, 150.900000 
1.211351, -2.500329, -1.288979, 151.000000 
1.173023, -2.460476, -1.287453, 151.100000 
1.139442, -2.425677, -1.286235, 151.200000 
1.115158, -2.400573, -1.285414, 151.300000 
1.102986, -2.388000, -1.285013, 151.400000 
1.104192, -2.389226, -1.285033, 151.500000 
1.118653, -2.404131, -1.285478, 151.600000 
1.144840, -2.431190, -1.286351, 151.700000 
1.179639, -2.467265, -1.287626, 151.800000 
1.218191, -2.507391, -1.289200, 151.900000 
1.254085, -2.544916, -1.290832, 152.000000 
1.280325, -2.572463, -1.292138, 152.100000 
1.291144, -2.583856, -1.292713, 152.200000 
1.283996, -2.576347, -1.292351, 152.300000 
1.260574, -2.551758, -1.291183, 152.400000 
1.226128, -2.515715, -1.289587, 152.500000 
1.187568, -2.475532, -1.287964, 152.600000 
1.151539, -2.438128, -1.286590, 152.700000 
1.123260, -2.408858, -1.285597, 152.800000 
1.106200, -2.391229, -1.285029, 152.900000 
1.102192, -2.387084, -1.284892, 153.000000 
1.111641, -2.396828, -1.285187, 153.100000 
1.133574, -2.419491, -1.285918, 153.200000 
1.165515, -2.452589, -1.287074, 153.300000 
1.203284, -2.491869, -1.288586, 153.400000 
1.241003, -2.531270, -1.290267, 153.500000 
1.271731, -2.563509, -1.291778, 153.600000 
1.288981, -2.581675, -1.292693, 153.700000 
1.288770, -2.581471, -1.292701, 153.800000 
1.271148, -2.562948, -1.291800, 153.900000 
1.240179, -2.530477, -1.290298, 154.000000 
1.202387, -2.491003, -1.288616, 154.100000 
1.164705, -2.451795, -1.287090, 154.200000 
1.132972, -2.418882, -1.285910, 154.300000 
1.111327, -2.396475, -1.285148, 154.400000 
1.102202, -2.387025, -1.284822, 154.500000 
1.106532, -2.391469, -1.284937, 154.600000 
1.123877, -2.409373, -1.285496, 154.700000 
1.152363, -2.438863, -1.286500, 154.800000 
1.188482, -2.476390, -1.287908, 154.900000 
1.226979, -2.516563, -1.289584, 155.000000 
1.261193, -2.552436, -1.291243, 155.100000 
1.284239, -2.576709, -1.292470, 155.200000 
1.290942, -2.583818, -1.292876, 155.300000 
1.279713, -2.572033, -1.292320, 155.400000 
1.253193, -2.544197, -1.291004, 155.500000 
1.217199, -2.506533, -1.289334, 155.600000 
1.178725, -2.466423, -1.287697, 155.700000 
1.144147, -2.430489, -1.286342, 155.800000 
1.118276, -2.403660, -1.285384, 155.900000 
1.104175, -2.389035, -1.284860, 156.000000 
1.103330, -2.388109, -1.284778, 156.100000 
1.115825, -2.400972, -1.285148, 156.200000 
1.140353, -2.426328, -1.285974, 156.300000 
1.174060, -2.461301, -1.287241, 156.400000 
1.212354, -2.501211, -1.288856, 156.500000 
1.249028, -2.539624, -1.290596, 156.600000 
1.277086, -2.569167, -1.292081, 156.700000 
1.290451, -2.583330, -1.292879, 156.800000 
1.285998, -2.578721, -1.292723, 156.900000 
1.264782, -2.556463, -1.291681, 157.000000 
1.231615, -2.521719, -1.290103, 157.100000 
1.193286, -2.481692, -1.288406, 157.200000 
1.156567, -2.443466, -1.286899, 157.300000 
1.126925, -2.412670, -1.285746, 157.400000 
1.108079, -2.393091, -1.285012, 157.500000 
1.102092, -2.386809, -1.284716, 157.600000 
1.109568, -2.394440, -1.284872, 157.700000 
1.129743, -2.415235, -1.285491, 157.800000 
1.160380, -2.446955, -1.286575, 157.900000 
1.197563, -2.485635, -1.288072, 158.000000 
1.235656, -2.525473, -1.289818, 158.100000 
1.267811, -2.559298, -1.291487, 158.200000 
1.287356, -2.580001, -1.292645, 158.300000 
1.289821, -2.582744, -1.292923, 158.400000 
1.274614, -2.566858, -1.292245, 158.500000 
1.245267, -2.536129, -1.290863, 158.600000 
1.208065, -2.497254, -1.289189, 158.700000 
1.169992, -2.457576, -1.287583, 158.800000 
1.137109, -2.423374, -1.286265, 158.900000 
1.113813, -2.399145, -1.285332, 159.000000 
1.102775, -2.387596, -1.284822, 159.100000 
1.105133, -2.389884, -1.284752, 159.200000 
1.120645, -2.405785, -1.285140, 159.300000 
1.147656, -2.433659, -1.286003, 159.400000 
1.182918, -2.470238, -1.287321, 159.500000 
1.221431, -2.510417, -1.288986, 159.600000 
1.256700, -2.547441, -1.290741, 159.700000 
1.281768, -2.573948, -1.292180, 159.800000 
1.291072, -2.583948, -1.292876, 159.900000 
1.282409, -2.575022, -1.292613, 160.000000 
1.257816, -2.549334, -1.291518, 160.100000 
1.222762, -2.512718, -1.289957, 160.200000 
1.184202, -2.472523, -1.288321, 160.300000 
1.148693, -2.435576, -1.286884, 160.400000 
1.121308, -2.407091, -1.285783, 160.500000 
1.105364, -2.390439, -1.285076, 160.600000 
1.102560, -2.387347, -1.284787, 160.700000 
1.113176, -2.398116, -1.284940, 160.800000 
1.136112, -2.421671, -1.285558, 160.900000 
1.168751, -2.455401, -1.286650, 161.000000 
1.206759, -2.494917, -1.288158, 161.100000 
1.244137, -2.534032, -1.289896, 161.200000 
1.273914, -2.565427, -1.291514, 161.300000 
1.289738, -2.582308, -1.292570, 161.400000 
1.287929, -2.580667, -1.292738, 161.500000 
1.268903, -2.560903, -1.292000, 161.600000 
1.237014, -2.527656, -1.290642, 161.700000 
1.198908, -2.487967, -1.289059, 161.800000 
1.161480, -2.449048, -1.287568, 161.900000 
1.130451, -2.416801, -1.286350, 162.000000 
1.109812, -2.395298, -1.285486, 162.100000 
1.101862, -2.386871, -1.285009, 162.200000 
1.107408, -2.392351, -1.284943, 162.300000 
1.125884, -2.411202, -1.285319, 162.400000 
1.155275, -2.441435, -1.286160, 162.500000 
1.191919, -2.479369, -1.287451, 162.600000 
1.230407, -2.519479, -1.289072, 162.700000 
1.263991, -2.554738, -1.290747, 162.800000 
1.285834, -2.577894, -1.292060, 162.900000 
1.290989, -2.583602, -1.292614, 163.000000 
1.278216, -2.570471, -1.292255, 163.100000 
1.250495, -2.541654, -1.291159, 163.200000 
1.213852, -2.503546, -1.289694, 163.300000 
1.175320, -2.463528, -1.288208, 163.400000 
1.141197, -2.428119, -1.286923, 163.500000 
1.116163, -2.402110, -1.285947, 163.600000 
1.103148, -2.388471, -1.285322, 163.700000 
1.103511, -2.388586, -1.285075, 163.800000 
1.117209, -2.402444, -1.285235, 163.900000 
1.142802, -2.428637, -1.285835, 164.000000 
1.177278, -2.464166, -1.286888, 164.100000 
1.215878, -2.504210, -1.288332, 164.200000 
1.252261, -2.542227, -1.289966, 164.300000 
1.279404, -2.570834, -1.291430, 164.400000 
1.291370, -2.583672, -1.292302, 164.500000 
1.285337, -2.577653, -1.292317, 164.600000 
1.262718, -2.554243, -1.291524, 164.700000 
1.228604, -2.518837, -1.290233, 164.800000 
1.189899, -2.478702, -1.288804, 164.900000 
1.153350, -2.440850, -1.287499, 165.000000 
1.124320, -2.410777, -1.286456, 165.100000 
1.106406, -2.392135, -1.285729, 165.200000 
1.101546, -2.386888, -1.285341, 165.300000 
1.110229, -2.395549, -1.285320, 165.400000 
1.131561, -2.417260, -1.285699, 165.500000 
1.163157, -2.449665, -1.286507, 165.600000 
1.200931, -2.488659, -1.287728, 165.700000 
1.239079, -2.528310, -1.289231, 165.800000 
1.270661, -2.561389, -1.290728, 165.900000 
1.289059, -2.580876, -1.291817, 166.000000 
1.290037, -2.582192, -1.292155, 166.100000 
1.273345, -2.565014, -1.291669, 166.200000 
1.242834, -2.533419, -1.290585, 166.300000 
1.204974, -2.494228, -1.289255, 166.400000 
1.166780, -2.454755, -1.287975, 166.500000 
1.134246, -2.421160, -1.286914, 166.600000 
1.111663, -2.397802, -1.286139, 166.700000 
1.101593, -2.387265, -1.285673, 166.800000 
1.105068, -2.390601, -1.285532, 166.900000 
1.121737, -2.407483, -1.285746, 167.000000 
1.149812, -2.436160, -1.286347, 167.100000 
1.185878, -2.473225, -1.287347, 167.200000 
1.224757, -2.513431, -1.288673, 167.300000 
1.259809, -2.549924, -1.290114, 167.400000 
1.284049, -2.575362, -1.291313, 167.500000 
1.292062, -2.583957, -1.291895, 167.600000 
1.281944, -2.573626, -1.291682, 167.700000 
1.256068, -2.546867, -1.290799, 167.800000 
1.220142, -2.509715, -1.289573, 167.900000 
1.181212, -2.469538, -1.288326, 168.000000 
1.145805, -2.433068, -1.287263, 168.100000 
1.118911, -2.405380, -1.286468, 168.200000 
1.103747, -2.389712, -1.285965, 168.300000 
1.101918, -2.387677, -1.285759, 168.400000 
1.113607, -2.399474, -1.285867, 168.500000 
1.137601, -2.423918, -1.286317, 168.600000 
1.171138, -2.458269, -1.287132, 168.700000 
1.209716, -2.497997, -1.288280, 168.800000 
1.247173, -2.536789, -1.289617, 168.900000 
1.276450, -2.567298, -1.290848, 169.000000 
1.291260, -2.582860, -1.291600, 169.100000 
1.288148, -2.579764, -1.291616, 169.200000 
1.267847, -2.558768, -1.290921, 169.300000 
1.234979, -2.524771, -1.289792, 169.400000 
1.196330, -2.484901, -1.288571, 169.500000 
1.158810, -2.446311, -1.287501, 169.600000 
1.128072, -2.414768, -1.286695, 169.700000 
1.108023, -2.394203, -1.286180, 169.800000 
1.100872, -2.386823, -1.285951, 169.900000 
1.107345, -2.393354, -1.286009, 170.000000 
1.126783, -2.413152, -1.286370, 170.100000 
1.157056, -2.444110, -1.287054, 170.200000 
1.194355, -2.482410, -1.288055, 170.300000 
1.233116, -2.522393, -1.289277, 170.400000 
1.266472, -2.556962, -1.290490, 170.500000 
1.287581, -2.578931, -1.291350, 170.600000 
1.291648, -2.583199, -1.291550, 170.700000 
1.277706, -2.568723, -1.291018, 170.800000 
1.249004, -2.538970, -1.289966, 170.900000 
1.211741, -2.500483, -1.288742, 171.000000 
1.172993, -2.460629, -1.287636, 171.100000 
1.139010, -2.425807, -1.286797, 171.200000 
1.114397, -2.400664, -1.286267, 171.300000 
1.102007, -2.388040, -1.286033, 171.400000 
1.103130, -2.389210, -1.286081, 171.500000 
1.117654, -2.404060, -1.286406, 171.600000 
1.144051, -2.431071, -1.287020, 171.700000 
1.179191, -2.467113, -1.287922, 171.800000 
1.218175, -2.507229, -1.289054, 171.900000 
1.254532, -2.544771, -1.290239, 172.000000 
1.281187, -2.572362, -1.291175, 172.100000 
1.292289, -2.583821, -1.291532, 172.200000 
1.285231, -2.576382, -1.291151, 172.300000 
1.261688, -2.551856, -1.290168, 172.400000 
1.226938, -2.515856, -1.288918, 172.500000 
1.187955, -2.475690, -1.287736, 172.600000 
1.151455, -2.438279, -1.286824, 172.700000 
1.122728, -2.408978, -1.286251, 172.800000 
1.105298, -2.391304, -1.286006, 172.900000 
1.101043, -2.387102, -1.286059, 173.000000 
1.110398, -2.396785, -1.286387, 173.100000 
1.132407, -2.419391, -1.286984, 173.200000 
1.164598, -2.452443, -1.287845, 173.300000 
1.202771, -2.491701, -1.288929, 173.400000 
1.241004, -2.531107, -1.290102, 173.500000 
1.272279, -2.563384, -1.291105, 173.600000 
1.290010, -2.581614, -1.291604, 173.700000 
1.290118, -2.581490, -1.291372, 173.800000 
1.272588, -2.563041, -1.290453, 173.900000 
1.241470, -2.530622, -1.289153, 174.000000 
1.203326, -2.491171, -1.287845, 174.100000 
1.165160, -2.451956, -1.286797, 174.200000 
1.132893, -2.419013, -1.286120, 174.300000 
1.110739, -2.396559, -1.285821, 174.400000 
1.101190, -2.387052, -1.285861, 174.500000 
1.105231, -2.391433, -1.286202, 174.600000 
1.122458, -2.409277, -1.286818, 174.700000 
1.151023, -2.438715, -1.287692, 174.800000 
1.187425, -2.476212, -1.288787, 174.900000 
1.226388, -2.516384, -1.289996, 175.000000 
1.261195, -2.552293, -1.291098, 175.100000 
1.284865, -2.576634, -1.291769, 175.200000 
1.292103, -2.583828, -1.291725, 175.300000 
1.281211, -2.572124, -1.290912, 175.400000 
1.254766, -2.544344, -1.289578, 175.500000 
1.218586, -2.506704, -1.288119, 175.600000 
1.179716, -2.466589, -1.286873, 175.700000 
1.144611, -2.430627, -1.286016, 175.800000 
1.118166, -2.403756, -1.285590, 175.900000 
1.103519, -2.389079, -1.285561, 176.000000 
1.102219, -2.388098, -1.285879, 176.100000 
1.114402, -2.400905, -1.286502, 176.200000 
1.138807, -2.426207, -1.287400, 176.300000 
1.172609, -2.461140, -1.288532, 176.400000 
1.211227, -2.501034, -1.289807, 176.500000 
1.248428, -2.539463, -1.291035, 176.600000 
1.277148, -2.569058, -1.291910, 176.700000 
1.291192, -2.583298, -1.292106, 176.800000 
1.287302, -2.578772, -1.291470, 176.900000 
1.266422, -2.556582, -1.290160, 177.000000 
1.233311, -2.521878, -1.288567, 177.100000 
1.194765, -2.481860, -1.287094, 177.200000 
1.157616, -2.443615, -1.285999, 177.300000 
1.127408, -2.412782, -1.285374, 177.400000 
1.107944, -2.393154, -1.285210, 177.500000 
1.101364, -2.386819, -1.285456, 177.600000 
1.108342, -2.394399, -1.286057, 177.700000 
1.128175, -2.415145, -1.286970, 177.800000 
1.158679, -2.446827, -1.288149, 177.900000 
1.195977, -2.485488, -1.289511, 178.000000 
1.234441, -2.525331, -1.290890, 178.100000 
1.267188, -2.559189, -1.292001, 178.200000 
1.287455, -2.579949, -1.292493, 178.300000 
1.290641, -2.582759, -1.292119, 178.400000 
1.276013, -2.566936, -1.290922, 178.500000 
1.247001, -2.536249, -1.289248, 178.600000 
1.209843, -2.497389, -1.287546, 178.700000 
1.171541, -2.457702, -1.286161, 178.800000 
1.138213, -2.423473, -1.285260, 178.900000 
1.114331, -2.399207, -1.284876, 179.000000 
1.102647, -2.387615, -1.284969, 179.100000 
1.104378, -2.389860, -1.285483, 179.200000 
1.119357, -2.405722, -1.286366, 179.300000 
1.146000, -2.433566, -1.287566, 179.400000 
1.181118, -2.470126, -1.289008, 179.500000 
1.219756, -2.510300, -1.290544, 179.600000 
1.255427, -2.547342, -1.291915, 179.700000 
1.281128, -2.573885, -1.292757, 179.800000 
1.291196, -2.583938, -1.292742, 179.900000 
1.283283, -2.575068, -1.291785, 180.000000 
1.259284, -2.549424, -1.290140, 180.100000 
1.224569, -2.512833, -1.288265, 180.200000 
1.186055, -2.472641, -1.286586, 180.300000 
1.150317, -2.435678, -1.285361, 180.400000 
1.122482, -2.407164, -1.284682, 180.500000 
1.105937, -2.390477, -1.284539, 180.600000 
1.102459, -2.387346, -1.284886, 180.700000 
1.112406, -2.398075, -1.285669, 180.800000 
1.134757, -2.421592, -1.286835, 180.900000 
1.166978, -2.455292, -1.288314, 181.000000 
1.204814, -2.494793, -1.289980, 181.100000 
1.242316, -2.533915, -1.291598, 181.200000 
1.272526, -2.565340, -1.292814, 181.300000 
1.289035, -2.582273, -1.293238, 181.400000 
1.288041, -2.580693, -1.292652, 181.500000 
1.269805, -2.560984, -1.291179, 181.600000 
1.238537, -2.527773, -1.289237, 181.700000 
1.200789, -2.488097, -1.287308, 181.800000 
1.163426, -2.449170, -1.285744, 181.900000 
1.132183, -2.416900, -1.284716, 182.000000 
1.111101, -2.395363, -1.284262, 182.100000 
1.102541, -2.386895, -1.284354, 182.200000 
1.107384, -2.392331, -1.284948, 182.300000 
1.125148, -2.411142, -1.285994, 182.400000 
1.153907, -2.441339, -1.287433, 182.500000 
1.190090, -2.479249, -1.289159, 182.600000 
1.228377, -2.519350, -1.290973, 182.700000 
1.262078, -2.554622, -1.292544, 182.800000 
1.284364, -2.577812, -1.293448, 182.900000 
1.290223, -2.583572, -1.293350, 183.000000 
1.278285, -2.570500, -1.292214, 183.100000 
1.251373, -2.541736, -1.290363, 183.200000 
1.215370, -2.503663, -1.288293, 183.300000 
1.177220, -2.463658, -1.286438, 183.400000 
1.143185, -2.428241, -1.285056, 183.500000 
1.117954, -2.402204, -1.284249, 183.600000 
1.104499, -2.388523, -1.284024, 183.700000 
1.104239, -2.388590, -1.284351, 183.800000 
1.117205, -2.402398, -1.285193, 183.900000 
1.142045, -2.428547, -1.286501, 184.000000 
1.175846, -2.464041, -1.288195, 184.100000 
1.213956, -2.504070, -1.290114, 184.200000 
1.250131, -2.542096, -1.291964, 184.300000 
1.277413, -2.570737, -1.293324, 184.400000 
1.289860, -2.583630, -1.293769, 184.500000 
1.284572, -2.577675, -1.293104, 184.600000 
1.262818, -2.554323, -1.291505, 184.700000 
1.229527, -2.518957, -1.289430, 184.800000 
1.191469, -2.478838, -1.287369, 184.900000 
1.155308, -2.440976, -1.285668, 185.000000 
1.126375, -2.410874, -1.284500, 185.100000 
1.108272, -2.392190, -1.283918, 185.200000 
1.102973, -2.386893, -1.283920, 185.300000 
1.111019, -2.395502, -1.284483, 185.400000 
1.131591, -2.417166, -1.285575, 185.500000 
1.162394, -2.449535, -1.287141, 185.600000 
1.199452, -2.488514, -1.289062, 185.700000 
1.237081, -2.528175, -1.291094, 185.800000 
1.268448, -2.561294, -1.292845, 185.900000 
1.286998, -2.580842, -1.293844, 186.000000 
1.288477, -2.582228, -1.293750, 186.100000 
1.272543, -2.565111, -1.292569, 186.200000 
1.242897, -2.533554, -1.290657, 186.300000 
1.205854, -2.494373, -1.288519, 186.400000 
1.168310, -2.454885, -1.286575, 186.500000 
1.136182, -2.421258, -1.285076, 186.600000 
1.113727, -2.397857, -1.284130, 186.700000 
1.103502, -2.387270, -1.283768, 186.800000 
1.106565, -2.390554, -1.283988, 186.900000 
1.122608, -2.407387, -1.284779, 187.000000 
1.149913, -2.436024, -1.286110, 187.100000 
1.185162, -2.473066, -1.287905, 187.200000 
1.223296, -2.513275, -1.289979, 187.300000 
1.257809, -2.549804, -1.291995, 187.400000 
1.281826, -2.575306, -1.293480, 187.500000 
1.289991, -2.583980, -1.293989, 187.600000 
1.280373, -2.573722, -1.293349, 187.700000 
1.255242, -2.547013, -1.291771, 187.800000 
1.220161, -2.509877, -1.289716, 187.900000 
1.182035, -2.469688, -1.287653, 188.000000 
1.147280, -2.433184, -1.285905, 188.100000 
1.120809, -2.405448, -1.284640, 188.200000 
1.105800, -2.389727, -1.283927, 188.300000 
1.103849, -2.387638, -1.283789, 188.400000 
1.115152, -2.399384, -1.284232, 188.500000 
1.138533, -2.423787, -1.285254, 188.600000 
1.171301, -2.458115, -1.286814, 188.700000 
1.209051, -2.497843, -1.288792, 188.800000 
1.245746, -2.536665, -1.290919, 188.900000 
1.274465, -2.567228, -1.292763, 189.000000 
1.289034, -2.582860, -1.293826, 189.100000 
1.286054, -2.579834, -1.293780, 189.200000 
1.266228, -2.558890, -1.292662, 189.300000 
1.234077, -2.524918, -1.290841, 189.400000 
1.196253, -2.485044, -1.288792, 189.500000 
1.159532, -2.446428, -1.286895, 189.600000 
1.129464, -2.414845, -1.285381, 189.700000 
1.109875, -2.394234, -1.284359, 189.800000 
1.102930, -2.386807, -1.283877, 189.900000 
1.109332, -2.393293, -1.283961, 190.000000 
1.128428, -2.413057, -1.284629, 190.100000 
1.158115, -2.443991, -1.285876, 190.200000 
1.194649, -2.482285, -1.287637, 190.300000 
1.232563, -2.522283, -1.289721, 190.400000 
1.265126, -2.556890, -1.291763, 190.500000 
1.285644, -2.578914, -1.293270, 190.600000 
1.289440, -2.583243, -1.293803, 190.700000 
1.275596, -2.568819, -1.293223, 190.800000 
1.247333, -2.539096, -1.291763, 190.900000 
1.210752, -2.500614, -1.289862, 191.000000 
1.172803, -2.460741, -1.287938, 191.100000 
1.139615, -2.425886, -1.286272, 191.200000 
1.115689, -2.400703, -1.285015, 191.300000 
1.103798, -2.388038, -1.284241, 191.400000 
1.105177, -2.389169, -1.283992, 191.500000 
1.119680, -2.403984, -1.284304, 191.600000 
1.145768, -2.430966, -1.285199, 191.700000 
1.180334, -2.466992, -1.286658, 191.800000 
1.218543, -2.507108, -1.288565, 191.900000 
1.254032, -2.544674, -1.290642, 192.000000 
1.279871, -2.572311, -1.292440, 192.100000 
1.290363, -2.583831, -1.293468, 192.200000 
1.283018, -2.576454, -1.293436, 192.300000 
1.259556, -2.551974, -1.292418, 192.400000 
1.225221, -2.515994, -1.290773, 192.500000 
1.186894, -2.475822, -1.288928, 192.600000 
1.151178, -2.438384, -1.287206, 192.700000 
1.123248, -2.409046, -1.285798, 192.800000 
1.106527, -2.391328, -1.284801, 192.900000 
1.102811, -2.387082, -1.284272, 193.000000 
1.112468, -2.396724, -1.284256, 193.100000 
1.134501, -2.419295, -1.284794, 193.200000 
1.166416, -2.452321, -1.285905, 193.300000 
1.204028, -2.491565, -1.287537, 193.400000 
1.241477, -2.530978, -1.289500, 193.500000 
1.271861, -2.563285, -1.291424, 193.600000 
1.288748, -2.581568, -1.292819, 193.700000 
1.288220, -2.581510, -1.293289, 193.800000 
1.270378, -2.563125, -1.292747, 193.900000 
1.239313, -2.530756, -1.291442, 194.000000 
1.201553, -2.491327, -1.289774, 194.100000 
1.164012, -2.452108, -1.288096, 194.200000 
1.132506, -2.419137, -1.286631, 194.300000 
1.111137, -2.396638, -1.285501, 194.400000 
1.102303, -2.387074, -1.284771, 194.500000 
1.106905, -2.391397, -1.284492, 194.600000 
1.124474, -2.409187, -1.284714, 194.700000 
1.153105, -2.438583, -1.285478, 194.800000 
1.189271, -2.476053, -1.286782, 194.900000 
1.227704, -2.516222, -1.288518, 195.000000 
1.261751, -2.552156, -1.290405, 195.100000 
1.284546, -2.576550, -1.292003, 195.200000 
1.290953, -2.583816, -1.292863, 195.300000 
1.279429, -2.572189, -1.292760, 195.400000 
1.252658, -2.544472, -1.291814, 195.500000 
1.216497, -2.506870, -1.290373, 195.600000 
1.177958, -2.466760, -1.288801, 195.700000 
1.143422, -2.430775, -1.287353, 195.800000 
1.117688, -2.403858, -1.286170, 195.900000 
1.103800, -2.389124, -1.285323, 196.000000 
1.103215, -2.388079, -1.284864, 196.100000 
1.115985, -2.400827, -1.284842, 196.200000 
1.140770, -2.426081, -1.285311, 196.300000 
1.174684, -2.460983, -1.286299, 196.400000 
1.213107, -2.500868, -1.287761, 196.500000 
1.249809, -2.539318, -1.289508, 196.600000 
1.277787, -2.568961, -1.291174, 196.700000 
1.290967, -2.583273, -1.292306, 196.800000 
1.286246, -2.578825, -1.292579, 196.900000 
1.264720, -2.556701, -1.291981, 197.000000 
1.231250, -2.522036, -1.290786, 197.100000 
1.192673, -2.482025, -1.289353, 197.200000 
1.155799, -2.443762, -1.287963, 197.300000 
1.126111, -2.412890, -1.286779, 197.400000 
1.107330, -2.393209, -1.285880, 197.500000 
1.101504, -2.386815, -1.285311, 197.600000 
1.109217, -2.394335, -1.285118, 197.700000 
1.129677, -2.415029, -1.285351, 197.800000 
1.160616, -2.446674, -1.286058, 197.900000 
1.198083, -2.485320, -1.287237, 198.000000 
1.236402, -2.525178, -1.288776, 198.100000 
1.268686, -2.559081, -1.290395, 198.200000 
1.288235, -2.579913, -1.291677, 198.300000 
1.290565, -2.582805, -1.292240, 198.400000 
1.275100, -2.567053, -1.291953, 198.500000 
1.245416, -2.536412, -1.290997, 198.600000 
1.207858, -2.497567, -1.289709, 198.700000 
1.169469, -2.457866, -1.288396, 198.800000 
1.136354, -2.423600, -1.287246, 198.900000 
1.112936, -2.399281, -1.286345, 199.000000 
1.101894, -2.387629, -1.285735, 199.100000 
1.104363, -2.389812, -1.285449, 199.200000 
1.120089, -2.405618, -1.285529, 199.300000 
1.147398, -2.433421, -1.286023, 199.400000 
1.183006, -2.469962, -1.286956, 199.500000 
1.221874, -2.510148, -1.288274, 199.600000 
1.257450, -2.547229, -1.289779, 199.700000 
1.282723, -2.573836, -1.291113, 199.800000 
1.292084, -2.583962, -1.291878, 199.900000 
1.283312, -2.575158, -1.291846, 200.000000 
